6
14
14
16
16
26
26
30
30
32
32
21
21
93
93
63
63
44
44
57
57
77
77
107
107
112
112
27
27
36
36
39
39
43
43
66
66
37
37
12
12
50
50
211
211
228
228
456
456
106
106
125
125
98
98
104
104
109
109
110
110
132
132
140
140
143
143
128
128
152
152
154
154
161
161
101
101
120
120
148
148
189
189
200
200
201
201
169
169
172
172
177
177
185
185
194
194
203
203
217
217
219
219
156
156
216
216
225
225
235
235
238
238
250
250
196
196
157
157
233
233
240
240
267
267
278
278
284
284
287
287
258
258
257
257
236
236
229
229
275
275
273
273
271
271
292
292
296
296
268
268
298
298
307
307
324
324
350
350
373
373
311
311
282
282
304
304
367
367
325
325
243
243
244
244
412
412
540
540
595
595
428
428
396
396
385
385
381
381
365
365
314
314
318
318
340
340
356
356
343
343
395
395
380
380
439
439
421
421
420
420
423
423
426
426
429
429
431
431
440
440
441
441
493
493
457
457
470
470
427
427
443
443
475
475
478
478
497
497
517
517
536
536
549
549
614
614
574
574
588
588
485
485
511
511
560
560
532
532
561
561
580
580
509
509
563
563
571
571
585
585
587
587
594
594
529
529
533
533
597
597
598
598
623
623
615
615
635
635
636
636
641
641
655
655
651
651
654
654
658
658
663
663
672
672
621
621
685
685
697
697
704
704
674
674
676
676
691
691
699
699
703
703
705
705
710
710
709
709
724
724
631
631
679
679
794
794
775
775
726
726
719
719
734
734
690
690
617
617
627
627
646
646
686
686
687
687
717
717
752
752
764
764
768
768
741
741
747
747
797
797
821
821
847
847
769
769
786
786
795
795
788
788
802
802
820
820
818
818
831
831
864
864
855
855
860
860
851
851
869
869
857
857
885
885
874
874
875
875
883
883
884
884
891
891
887
887
907
907
926
926
895
895
888
888
827
827
900
900
898
898
927
927
930
930
933
933
948
948
954
954
973
973
969
969
919
919
918
918
772
772
743
743
858
858
928
928
931
931
970
970
993
993
946
946
955
955
959
959
983
983
1004
1004
976
976
974
974
975
975
977
977
987
987
989
989
992
992
997
997
1007
1007
1050
1050
1014
1014
1017
1017
1001
1001
1029
1029
1040
1040
1019
1019
1043
1043
1073
1073
1088
1088
1048
1048
1051
1051
1065
1065
1081
1081
1062
1062
1087
1087
1266
1266
1292
1292
1224
1224
1114
1114
1097
1097
1116
1116
1126
1126
1133
1133
1184
1184
1127
1127
1121
1121
1055
1055
1072
1072
1094
1094
1090
1090
1032
1032
1110
1110
1208
1208
1143
1143
1147
1147
1160
1160
1181
1181
1149
1149
1163
1163
1188
1188
1187
1187
1192
1192
1197
1197
1199
1199
1200
1200
1202
1202
1203
1203
1226
1226
1225
1225
1177
1177
1186
1186
1217
1217
1230
1230
1390
1390
1234
1234
1248
1248
1251
1251
1229
1229
1242
1242
1214
1214
1211
1211
1212
1212
1218
1218
1264
1264
1221
1221
1243
1243
1254
1254
1284
1284
1330
1330
1342
1342
1303
1303
1325
1325
1333
1333
1311
1311
1326
1326
1339
1339
1356
1356
1366
1366
1368
1368
1385
1385
1413
1413
1373
1373
1351
1351
1382
1382
1408
1408
1412
1412
1415
1415
1416
1416
1417
1417
1424
1424
1359
1359
1393
1393
1404
1404
1497
1497
1499
1499
1526
1526
1532
1532
1580
1580
1598
1598
1614
1614
1699
1699
1506
1506
1432
1432
1433
1433
1458
1458
1436
1436
1463
1463
1421
1421
1441
1441
1329
1329
1381
1381
1423
1423
1434
1434
1504
1504
1550
1550
1647
1647
1692
1692
1523
1523
1530
1530
1492
1492
1484
1484
1488
1488
1533
1533
1495
1495
1514
1514
1547
1547
1537
1537
1546
1546
1551
1551
1572
1572
1575
1575
1561
1561
1541
1541
1567
1567
1570
1570
1621
1621
1617
1617
1586
1586
1599
1599
1616
1616
1601
1601
1619
1619
1623
1623
1652
1652
1653
1653
1630
1630
1631
1631
1629
1629
1633
1633
1643
1643
1657
1657
1671
1671
1663
1663
1673
1673
1680
1680
1665
1665
1701
1701
1686
1686
1685
1685
1713
1713
1693
1693
1690
1690
1714
1714
1715
1715
1687
1687
1712
1712
1743
1743
1745
1745
1738
1738
1746
1746
1747
1747
1770
1770
1721
1721
1748
1748
1754
1754
1755
1755
1766
1766
1773
1773
1780
1780
1790
1790
1793
1793
1785
1785
1778
1778
1756
1756
1794
1794
1796
1796
1798
1798
1817
1817
1816
1816
1846
1846
1861
1861
1848
1848
1826
1826
1810
1810
1805
1805
1838
1838
1828
1828
1836
1836
1863
1863
1884
1884
1866
1866
1893
1893
1904
1904
1907
1907
1921
1921
1922
1922
1925
1925
1939
1939
1859
1859
1889
1889
1924
1924
1941
1941
1948
1948
1795
1795
1800
1800
1813
1813
1729
1729
1865
1865
1827
1827
1897
1897
1909
1909
1916
1916
2046
2046
2058
2058
2086
2086
1956
1956
1966
1966
1977
1977
1978
1978
1972
1972
1973
1973
2023
2023
2017
2017
1984
1984
2010
2010
2007
2007
2041
2041
2045
2045
2050
2050
2063
2063
2027
2027
2049
2049
2054
2054
2076
2076
2056
2056
2081
2081
2088
2088
2087
2087
2073
2073
2039
2039
2036
2036
2089
2089
