4
5
5
8
8
15
15
41
41
19
19
22
22
28
28
45
45
25
25
34
34
29
29
55
55
69
69
70
70
56
56
73
73
74
74
79
79
82
82
64
64
59
59
76
76
80
80
108
108
90
90
113
113
116
116
118
118
121
121
123
123
130
130
131
131
102
102
176
176
135
135
139
139
141
141
150
150
149
149
155
155
151
151
158
158
160
160
163
163
168
168
165
165
167
167
170
170
173
173
174
174
180
180
183
183
178
178
171
171
182
182
184
184
193
193
222
222
266
266
226
226
218
218
209
209
212
212
269
269
223
223
227
227
239
239
188
188
247
247
251
251
254
254
255
255
264
264
277
277
272
272
303
303
283
283
290
290
280
280
281
281
285
285
302
302
305
305
306
306
316
316
317
317
332
332
323
323
344
344
321
321
336
336
333
333
337
337
352
352
354
354
353
353
355
355
334
334
358
358
361
361
388
388
369
369
346
346
483
483
372
372
359
359
370
370
387
387
382
382
371
371
391
391
397
397
392
392
398
398
400
400
403
403
408
408
410
410
418
418
434
434
411
411
413
413
415
415
445
445
438
438
453
453
450
450
435
435
447
447
460
460
454
454
452
452
461
461
464
464
476
476
481
481
484
484
482
482
490
490
498
498
495
495
502
502
501
501
505
505
512
512
524
524
506
506
507
507
555
555
530
530
526
526
535
535
542
542
554
554
546
546
538
538
543
543
551
551
558
558
562
562
570
570
572
572
575
575
577
577
583
583
591
591
582
582
593
593
600
600
608
608
618
618
609
609
613
613
620
620
626
626
632
632
634
634
638
638
633
633
642
642
640
640
647
647
649
649
652
652
656
656
671
671
673
673
660
660
662
662
677
677
701
701
714
714
681
681
682
682
688
688
698
698
708
708
700
700
715
715
711
711
716
716
721
721
729
729
730
730
727
727
739
739
740
740
736
736
745
745
742
742
744
744
746
746
757
757
765
765
749
749
761
761
763
763
770
770
767
767
771
771
774
774
773
773
781
781
783
783
801
801
787
787
798
798
803
803
804
804
815
815
816
816
807
807
811
811
809
809
822
822
824
824
837
837
838
838
839
839
840
840
842
842
833
833
886
886
879
879
856
856
854
854
863
863
870
870
878
878
881
881
889
889
894
894
896
896
890
890
897
897
901
901
903
903
910
910
905
905
906
906
909
909
917
917
923
923
924
924
934
934
938
938
914
914
939
939
949
949
952
952
960
960
940
940
957
957
968
968
980
980
963
963
982
982
984
984
990
990
979
979
994
994
996
996
999
999
1003
1003
1005
1005
1013
1013
1011
1011
1012
1012
1022
1022
1026
1026
1024
1024
1016
1016
1035
1035
1036
1036
1042
1042
1059
1059
1070
1070
1074
1074
1077
1077
1079
1079
1038
1038
1060
1060
1049
1049
1056
1056
1084
1084
1082
1082
1080
1080
1083
1083
1091
1091
1119
1119
1105
1105
1106
1106
1085
1085
1101
1101
1107
1107
1100
1100
1109
1109
1118
1118
1122
1122
1129
1129
1124
1124
1135
1135
1125
1125
1130
1130
1138
1138
1144
1144
1146
1146
1148
1148
1153
1153
1150
1150
1155
1155
1158
1158
1165
1165
1161
1161
1162
1162
1159
1159
1164
1164
1174
1174
1190
1190
1169
1169
1194
1194
1191
1191
1195
1195
1198
1198
1204
1204
1205
1205
1207
1207
1209
1209
1220
1220
1231
1231
1232
1232
1235
1235
1246
1246
1247
1247
1262
1262
1265
1265
1269
1269
1270
1270
1273
1273
1260
1260
1282
1282
1276
1276
1277
1277
1286
1286
1287
1287
1280
1280
1285
1285
1296
1296
1294
1294
1301
1301
1302
1302
1307
1307
1309
1309
1295
1295
1318
1318
1317
1317
1310
1310
1320
1320
1324
1324
1297
1297
1341
1341
1323
1323
1334
1334
1337
1337
1347
1347
1349
1349
1344
1344
1354
1354
1358
1358
1362
1362
1361
1361
1363
1363
1365
1365
1367
1367
1369
1369
1375
1375
1386
1386
1388
1388
1379
1379
1377
1377
1255
1255
1401
1401
1476
1476
1392
1392
1405
1405
1403
1403
1406
1406
1410
1410
1411
1411
1426
1426
1435
1435
1439
1439
1440
1440
1448
1448
1454
1454
1455
1455
1459
1459
1471
1471
1472
1472
1461
1461
1475
1475
1473
1473
1481
1481
1485
1485
1500
1500
1494
1494
1490
1490
1505
1505
1517
1517
1498
1498
1502
1502
1511
1511
1507
1507
1518
1518
1521
1521
1524
1524
1525
1525
1529
1529
1534
1534
1539
1539
1535
1535
1540
1540
1573
1573
1549
1549
1545
1545
1548
1548
1554
1554
1559
1559
1560
1560
1565
1565
1571
1571
1569
1569
1574
1574
1578
1578
859
859
1803
1803
1584
1584
1577
1577
1590
1590
1597
1597
1600
1600
1625
1625
1602
1602
1605
1605
1611
1611
1609
1609
1636
1636
1626
1626
1627
1627
1639
1639
1640
1640
1660
1660
1642
1642
1644
1644
1645
1645
1649
1649
1654
1654
1659
1659
1664
1664
1658
1658
1672
1672
1670
1670
1677
1677
1681
1681
1688
1688
1694
1694
1676
1676
1695
1695
1698
1698
1697
1697
1700
1700
1705
1705
1703
1703
1707
1707
1717
1717
1709
1709
1710
1710
1723
1723
1724
1724
1725
1725
1731
1731
1732
1732
1734
1734
1739
1739
1757
1757
1741
1741
1662
1662
1716
1716
1752
1752
1758
1758
1759
1759
1740
1740
1764
1764
1760
1760
1771
1771
1789
1789
1791
1791
1768
1768
1728
1728
1797
1797
1801
1801
1779
1779
1783
1783
1811
1811
1812
1812
1708
1708
1823
1823
1815
1815
1822
1822
1833
1833
1841
1841
1852
1852
1850
1850
1845
1845
1851
1851
1853
1853
1854
1854
1856
1856
1860
1860
1862
1862
1864
1864
1857
1857
1869
1869
1871
1871
1876
1876
1872
1872
1867
1867
1873
1873
1887
1887
1891
1891
1878
1878
1906
1906
1895
1895
1902
1902
1908
1908
1942
1942
1953
1953
1944
1944
1933
1933
1947
1947
1950
1950
1955
1955
1959
1959
1962
1962
1957
1957
1968
1968
1981
1981
1974
1974
1983
1983
1985
1985
1988
1988
1989
1989
1994
1994
2000
2000
2003
2003
2004
2004
2014
2014
2018
2018
2019
2019
2008
2008
2034
2034
2020
2020
2031
2031
2047
2047
2048
2048
2037
2037
2064
2064
2038
2038
2093
2093
2061
2061
2052
2052
2066
2066
2069
2069
2071
2071
2035
2035
2094
2094
2099
2099
2090
2090
2098
2098
