1
11
11
10
10
24
24
17
17
35
35
40
40
42
42
97
97
47
47
31
31
75
75
60
60
20
20
68
68
7
7
18
18
23
23
62
62
33
33
92
92
9
9
88
88
137
137
262
262
126
126
248
248
71
71
83
83
89
89
84
84
94
94
103
103
117
117
133
133
124
124
138
138
159
159
164
164
129
129
179
179
197
197
142
142
65
65
85
85
105
105
136
136
147
147
144
144
162
162
198
198
207
207
215
215
237
237
246
246
289
289
232
232
234
234
99
99
186
186
249
249
286
286
265
265
276
276
295
295
299
299
341
341
348
348
309
309
297
297
199
199
206
206
241
241
261
261
256
256
291
291
294
294
320
320
347
347
378
378
419
419
328
328
330
330
389
389
366
366
335
335
357
357
374
374
345
345
404
404
394
394
401
401
422
422
462
462
433
433
459
459
514
514
473
473
451
451
477
477
489
489
386
386
376
376
390
390
393
393
417
417
432
432
463
463
467
467
442
442
503
503
444
444
466
466
486
486
487
487
553
553
525
525
496
496
559
559
513
513
471
471
522
522
500
500
527
527
492
492
528
528
544
544
545
545
547
547
480
480
548
548
557
557
565
565
624
624
566
566
581
581
586
586
619
619
616
616
472
472
49
49
48
607
607
723
723
689
689
625
625
630
630
643
643
648
648
644
644
576
576
523
523
537
537
606
606
611
611
661
661
650
650
659
659
678
678
753
753
780
780
695
695
738
738
850
850
791
791
819
819
828
828
675
675
751
751
628
628
653
653
694
694
712
712
639
639
731
731
664
664
713
713
733
733
750
750
829
829
758
758
785
785
799
799
777
777
793
793
808
808
800
800
814
814
823
823
667
667
813
813
830
830
852
852
872
872
861
861
893
893
958
958
876
876
1257
1257
1099
1099
1058
1058
871
871
1030
1030
877
877
866
866
844
844
853
853
868
868
882
882
892
892
902
902
908
908
935
935
947
947
922
922
943
943
945
945
962
962
956
956
971
971
978
978
991
991
967
967
964
964
880
880
911
911
834
834
913
913
941
941
932
932
953
953
950
950
972
972
1006
1006
1025
1025
384
384
300
300
293
293
1466
1466
988
988
1018
1018
1002
1002
1000
1000
1008
1008
1034
1034
1027
1027
1041
1041
1028
1028
1039
1039
1044
1044
1052
1052
1057
1057
1092
1092
1134
1134
1076
1076
603
603
1170
1170
1180
1180
1064
1064
1054
1054
1095
1095
1123
1123
1140
1140
1136
1136
1252
1252
1154
1154
1115
1115
1104
1104
1113
1113
1078
1078
1176
1176
778
778
735
735
1166
1166
942
942
1250
1250
1258
1258
1308
1308
1157
1157
1151
1151
1171
1171
1193
1193
1213
1213
1172
1172
1183
1183
1185
1185
1219
1219
1222
1222
1239
1239
1244
1244
1131
1131
1196
1196
1223
1223
1238
1238
1259
1259
1228
1228
1240
1240
1289
1289
1256
1256
1261
1261
1267
1267
1141
1141
1071
1071
1103
1103
1283
1283
1335
1335
534
534
1874
1874
1182
1182
1558
1558
1442
1442
1353
1353
1290
1290
1314
1314
1274
1274
1313
1313
1315
1315
1298
1298
1299
1299
1355
1355
1346
1346
1322
1322
1328
1328
1332
1332
1350
1350
1371
1371
1372
1372
1376
1376
1391
1391
1407
1407
1425
1425
1409
1409
1378
1378
1457
1457
1428
1428
1430
1430
1380
1380
1384
1384
1397
1397
1357
1357
1445
1445
1451
1451
1453
1453
1462
1462
1474
1474
1468
1468
1509
1509
1634
1634
1482
1482
1469
1469
1327
1327
1480
1480
1399
1399
1516
1516
1487
1487
1513
1513
1531
1531
1544
1544
1555
1555
1563
1563
1568
1568
1564
1564
1581
1581
1591
1591
1594
1594
1512
1512
1444
1444
1450
1450
1510
1510
1557
1557
1489
1489
1542
1542
1553
1553
1585
1585
1596
1596
1607
1607
1608
1608
1750
1750
1646
1646
1604
1604
1576
1576
1465
1465
1975
1975
1678
1678
1595
1595
1620
1620
1628
1628
1648
1648
1583
1583
1587
1587
1589
1589
1592
1592
1345
1345
1624
1624
1618
1618
1666
1666
1761
1761
1696
1696
1651
1651
1683
1683
1726
1726
1689
1689
1650
1650
1730
1730
1735
1735
1744
1744
1706
1706
1711
1711
1753
1753
1749
1749
1769
1769
1772
1772
1777
1777
1808
1808
1762
1762
1727
1727
1781
1781
1963
1963
1787
1787
1792
1792
1799
1799
1806
1806
1819
1819
1825
1825
1885
1885
1886
1886
1868
1868
1814
1814
1821
1821
1830
1830
1802
1802
1566
1566
1829
1829
1961
1961
1870
1870
1835
1835
1832
1832
1840
1840
1844
1844
1842
1842
1855
1855
1938
1938
1858
1858
1849
1849
1882
1882
1834
1834
1915
1915
1890
1890
1990
1990
1898
1898
1896
1896
1894
1894
1932
1932
1901
1901
1945
1945
1936
1936
1976
1976
1943
1943
1993
1993
1982
1982
1995
1995
1999
1999
1967
1967
2012
2012
2016
2016
1926
1926
1952
1952
1997
1997
2078
2078
2030
2030
2059
2059
2080
2080
2057
2057
2095
2095
2097
2097
2091
2091
2001
2001
2006
2006
2033
2033
2013
2013
2096
2096
2079
2079
1969
1969
1900
1900
1930
1930
1786
1786
1971
1971
2021
2021
1980
1980
2022
2022
2024
2024
2028
2028
2029
2029
2042
2042
2068
2068
2077
2077
2065
2065
2092
2092
1742
1742
1751
1751
