1
102
102
22
22
320
320
51
51
232
232
292
292
411
411
558
558
638
638
148
148
88
88
99
99
699
699
155
155
423
423
142
142
53
454
454
663
663
826
826
1031
1031
1265
1265
1043
1043
1065
1065
837
837
737
737
652
652
720
720
1641
1641
865
865
868
868
1726
1726
2568
2568
2029
2029
1911
1911
994
994
1225
1225
1138
1138
1588
1588
1459
1459
1560
1560
1665
1665
1885
1885
2222
2222
2294
2294
2553
2553
2538
2538
2620
2620
1645
1645
559
559
528
729
770
1262
1683
2507
2653
2653
2188
2188
2371
2371
3042
3042
3299
3299
3370
3370
3460
3460
3593
3598
3598
3259
3259
2201
2201
1934
1934
2064
2064
2155
2155
2230
2230
3178
3178
3577
3577
3890
3890
3896
3896
3555
3887
3887
3926
3926
3990
4057
4057
4121
4121
4656
4656
4455
4455
4524
4524
2618
2618
2752
2752
2807
2807
2878
2878
2886
2886
2910
2910
3487
3487
3721
3721
3317
3317
3798
3960
3960
3974
3974
5435
5435
4972
4972
5407
5407
4528
4528
4711
4711
5003
5003
5139
5139
5553
5553
5334
5334
4030
4030
3841
3841
3824
3824
4197
4197
4258
4258
4544
4544
4886
4886
4900
4900
2340
5485
5501
5501
2049
2049
47
47
112
112
352
352
230
338
338
426
426
364
364
539
539
892
892
1066
1066
1160
1160
362
362
597
597
303
303
332
332
628
628
235
1025
1025
154
154
83
83
144
144
149
149
491
491
191
191
30
30
437
437
589
589
762
762
322
322
256
256
358
358
442
442
482
482
483
483
566
566
522
522
671
671
777
777
846
846
661
661
543
543
242
242
97
97
525
525
593
603
603
1612
1612
1505
1505
1189
1189
1532
1532
1203
1203
602
602
68
68
257
257
556
556
664
664
884
884
895
895
1336
1336
1350
1350
1536
1536
1674
1674
1020
1020
713
713
828
828
1457
1457
1152
1152
453
453
656
656
150
150
396
396
294
294
970
970
904
904
747
747
757
757
854
854
975
975
1182
1182
1137
1137
1179
1179
1725
1725
1849
1849
1629
1629
1315
1315
864
864
1072
1072
1133
1133
1369
1369
1400
1400
1565
1565
1657
1657
1676
1676
1755
1755
2259
2259
1764
1764
1796
1796
2296
2296
1509
1509
512
512
1524
1524
425
1184
1939
3658
3658
1508
1508
1502
1502
1839
1839
1284
1284
1567
1567
1154
1154
848
848
1632
2061
2061
1798
1798
1989
1989
2171
2171
2023
2023
1860
1860
1933
1933
2178
2178
2998
2998
2093
2093
2199
2199
2433
2433
2637
2637
2640
2640
1682
1682
2113
2113
840
840
724
724
896
896
1074
1074
1166
1166
1797
1797
2223
2223
1559
1559
1222
1222
127
127
318
318
534
534
1307
1307
1736
1736
1392
1392
1808
1808
2288
2288
2027
2027
2911
2911
2431
2431
2481
2481
2870
2870
289
289
529
529
188
188
353
353
378
378
666
666
959
959
1073
1073
613
613
650
650
1019
1019
1132
1132
1394
1394
1445
1445
1497
1497
1809
1809
1363
1363
1877
1877
2195
2195
2833
2833
2733
2733
2702
2702
1845
1845
693
2692
2692
2882
2882
3054
3310
3310
2245
2245
2941
2941
2262
2262
937
937
875
875
310
310
308
308
588
588
612
612
866
866
879
879
1386
1386
1198
1357
1357
315
315
185
185
64
64
163
163
147
147
193
193
326
326
445
445
395
395
552
552
669
669
797
797
447
447
335
335
397
397
920
920
1094
1094
1004
1004
714
714
1485
1485
1673
1673
1581
1581
1901
1901
2355
2355
1033
1033
859
859
1192
1192
1757
1757
412
412
701
701
581
581
93
373
373
410
410
917
917
1480
1480
1580
1580
1280
1280
764
764
1217
1217
921
921
1223
1223
1407
1407
1498
1498
1272
1272
1001
1001
1071
1071
1352
1352
1353
1353
1229
1229
744
744
1625
1625
1826
1826
2737
2737
2738
2738
2842
2842
1959
1959
1630
1630
1574
1574
1775
1775
1552
1731
1731
1518
1518
1671
1671
1583
1583
1730
1730
2100
2100
2098
2098
2219
2219
2459
2459
2464
2464
3297
3297
3241
3241
3438
3438
1846
1846
1946
1946
2022
2022
1278
1278
1554
1554
1372
1372
1473
1473
1475
1475
1482
1482
1792
1792
1782
1782
2011
2011
1737
1737
2305
2305
2600
2600
2996
2996
2442
2442
2641
2641
2834
2834
2898
2898
1741
1741
2467
2754
2754
1878
1878
3311
3311
3032
3032
3441
3441
3071
3071
3476
3476
2580
2580
2289
2289
2326
2326
2358
2358
2799
2799
2856
2856
3282
3282
3528
3528
3408
3408
3489
3489
3762
3762
3188
3188
2792
2792
2329
2329
1894
1894
2563
2563
2905
2905
3038
3038
1910
1910
2251
2353
2353
2081
2081
648
3393
3393
2411
2411
3604
3604
3819
3819
3633
3633
2810
3493
3493
3449
3449
3436
3513
3513
3163
3163
3061
3061
3364
3364
3796
3796
3891
3891
4017
4017
3443
3443
2675
2675
2482
2482
1958
1958
1968
1968
2056
2056
2916
3811
3811
2787
3746
3746
4033
4033
2682
2682
1902
1902
2058
2058
2271
2271
2308
2308
2582
2582
2661
2661
2652
2652
3509
3509
2314
2314
961
961
15
15
458
458
685
685
788
788
903
903
1096
1096
1266
1266
206
206
927
927
1140
1140
825
825
1092
1092
781
781
405
405
1035
1113
1113
1161
1161
1205
1205
1433
1433
2215
2215
2328
2328
2375
2375
2439
2439
2126
2126
1153
1153
2097
2097
2283
3078
3078
1662
1662
1296
1296
1194
1301
1301
1777
1777
1965
1965
2067
2067
1823
1823
1420
1420
1646
1646
1701
1701
1729
1729
1818
1818
1876
1876
1913
1913
2218
2218
2209
3005
3005
3392
3392
2403
2403
2526
2526
3002
3002
3016
3016
3800
3800
3899
3899
3953
3953
2811
2811
2955
2955
2356
2356
2963
2963
3101
3101
3787
3787
3789
3789
4195
4195
4130
4130
3058
3058
2764
2764
2770
2770
2986
2986
3185
3185
3096
3096
3166
3166
3218
3218
3600
3600
3199
3199
3395
3395
3641
3641
4102
4102
4461
4461
3501
3501
3508
3508
768
768
2108
2108
2202
2202
2290
2290
2562
2562
3102
3102
3380
3380
3650
3650
3654
3654
3583
3583
3677
3677
3791
3791
2767
2767
2806
2806
2794
2794
2212
2212
1879
1879
2321
2321
2415
2415
3076
3076
2409
2409
2052
2052
2123
2123
2657
2657
3123
3123
3365
3365
2516
2516
3640
3640
3146
3146
2939
2939
3505
3505
3818
3818
4684
4684
3866
4626
4626
3766
5575
5575
4742
4742
3429
3429
3507
3507
3278
3278
3402
3402
2990
2990
3139
3139
4044
4044
3406
3406
3488
3488
3665
3665
3357
3357
3361
3361
3663
4335
4344
4344
4365
4365
4245
4245
4683
4683
4256
4256
4059
4059
4208
4208
4312
4312
4225
4225
4261
4261
4405
4405
4505
4505
4493
4493
4812
4812
6004
6004
6211
6211
4134
4134
4388
4388
3420
3420
3622
3622
3666
3666
3894
3894
4894
4894
4919
4919
4557
4557
5573
5573
4620
4620
4847
4847
4595
4595
4691
4691
4770
4770
4821
4821
4920
4920
5050
5050
5609
5609
5733
5733
5213
5213
5000
5000
4090
4090
3719
3719
4029
4029
5113
5113
4513
4513
4831
4831
5073
5073
5723
5723
5267
5267
5338
5338
4313
5225
5225
4179
4179
3883
3883
2175
4903
4903
3820
3820
3810
3810
3852
3852
3930
3930
4065
4065
4463
4463
4681
4681
4704
4704
4715
4715
4734
4734
4881
4881
4850
4850
4834
4834
4930
4930
5054
5054
4119
4119
4232
4232
5063
5063
4947
4947
4527
4527
4554
4554
3808
3808
4150
4150
4068
4068
4223
4223
3889
3889
4192
4192
4613
4613
4244
4244
4501
4501
5147
5147
5422
5422
5140
5140
4761
4761
4648
4648
4612
4612
415
415
283
1221
1221
192
192
75
75
380
380
876
876
190
1481
1481
1351
1351
1027
1027
204
204
244
244
389
389
346
346
611
611
496
496
2
2
54
54
224
224
345
345
530
530
803
803
1360
1360
407
407
554
554
1365
1365
1648
1648
1852
1852
1162
1162
1512
1512
1303
1303
1193
1193
978
978
1070
1070
1165
1165
1376
1376
1795
1795
1984
1984
2151
2151
2038
2038
2062
2062
1305
1305
1056
1545
1545
1582
1582
1486
1486
1889
1889
2087
2087
3236
3236
2118
2118
3143
3143
3072
3072
2522
2522
2650
3092
3092
2746
2746
3182
3182
3243
3243
3136
3136
3245
3245
2301
2301
2441
2441
2949
2949
2820
2820
3063
3063
3325
3426
3426
3485
3485
3276
3276
3467
3467
3405
3405
3313
3313
3845
3845
3831
3831
4034
4034
4143
4674
4786
4786
4813
4813
4890
4890
5942
5942
4633
4633
4609
4609
4990
4990
5461
5461
5462
5462
4665
4665
5614
5614
4756
4756
5169
5169
4910
4910
5484
5484
5358
5358
5266
5873
5873
5631
5631
5216
5216
5288
5288
5523
5523
5830
5830
5492
5492
5740
5740
6316
6316
6455
6455
6358
6358
6319
6319
6513
6513
6715
6715
6941
6941
5864
5864
6393
6393
6585
6585
7674
7100
7100
6084
6794
6794
7336
7336
7510
7510
6918
6918
5548
5548
5146
5146
5495
5495
5653
5653
5694
5694
5792
5792
4975
4975
5820
5820
6199
6199
6120
6120
5998
5998
5031
5031
2412
2412
2731
2731
2756
2756
2801
2801
2542
2542
2313
2313
3104
3104
3110
3110
3130
3130
3446
3446
3512
3512
3707
3707
2413
3034
3034
3777
3777
3784
3784
3895
3895
4010
4010
4112
4159
4160
4160
4709
4709
4839
4839
3828
3828
4500
4500
3877
3877
3251
3251
3773
3773
4035
4035
4789
4789
5068
5068
5107
5107
4233
4233
4487
4986
4986
4895
4895
5229
5229
5380
5380
5199
5387
5387
5611
5611
5061
5061
4606
4606
4981
4981
4870
4870
5621
5621
5948
5948
5670
5972
5972
5697
5697
6066
6066
5724
5724
6233
6233
6146
6146
6374
6677
6677
6745
6745
7097
7097
7126
7126
5976
5976
3618
3618
6012
6012
6027
6027
6516
6516
6540
6540
5546
5546
5878
5878
6097
6097
5737
5737
6503
6503
6920
6920
7186
7186
7408
7408
5879
5879
5197
5197
5432
5432
5663
5663
5704
5704
5901
5901
6322
6322
6003
6003
5846
5846
6547
6547
6008
6008
6350
6350
6637
6637
5791
5791
5802
5802
6239
6239
5289
5289
5746
5746
5894
5894
5898
5898
6072
6072
6625
6625
6014
6014
5817
5817
5932
5932
5903
5903
6063
6063
4366
4366
3699
3699
3698
3698
3659
3747
3747
4308
4308
4490
4490
4805
4805
4671
4671
4713
4713
5223
5223
4837
4837
5421
5421
3468
3468
4166
4166
3847
3847
4116
4116
5251
5251
4249
4249
5230
5230
5359
5359
4592
4592
4127
4127
3391
3391
2844
2844
2935
2935
3015
3015
3490
4140
4140
3743
3743
3903
3903
3967
3967
4055
4055
3657
3657
4289
4289
4899
4899
4445
4445
4286
4286
1758
1758
2377
2377
2589
2589
2398
2398
767
767
17
17
157
157
462
462
847
847
706
706
1346
1346
1595
1595
1724
1724
1687
1687
881
881
1539
1539
1428
1428
551
551
288
288
472
472
1331
1331
888
888
796
796
842
842
922
922
1297
1297
1364
1364
1589
1589
1848
1848
3093
3093
3079
3079
1620
1620
1708
1708
639
639
932
932
1010
1010
2225
2479
2560
2560
1754
1754
2242
2242
1748
1748
1947
1947
2774
2774
2161
2161
2455
2455
2673
2673
1954
2947
2947
2809
2809
3187
3187
2875
2875
2884
2884
3022
3022
3263
3263
3358
3358
3454
3454
3456
3456
3578
3578
3288
3288
3249
3249
3404
3404
2923
2923
3189
3189
3231
3231
2747
2747
3094
3094
3135
3135
3575
3575
3874
3874
3305
3305
4118
4118
5196
5196
5604
5604
5634
5634
4298
4298
5870
5870
5493
5493
3946
3946
3959
3959
3613
3613
3977
3977
4129
4129
4509
4509
4135
4135
2953
4347
4347
4098
4098
3430
3430
3401
4378
4378
172
3906
4878
4878
3651
3651
3901
3901
4097
4097
3794
3794
3745
3745
3107
3107
3751
3751
3848
3848
4333
4333
4649
4649
4407
4407
4443
4443
4607
4607
4453
4453
5044
5044
5117
5117
4801
4801
4867
4867
3750
3750
3857
3857
4242
4242
3783
3783
3342
4417
4417
5011
5011
5093
5093
4268
4268
4296
4296
4485
4485
5114
5114
3723
3723
4716
4716
5481
5481
5599
5599
5306
5306
5613
5613
5780
5780
5911
5911
6114
6114
5845
5845
5973
5973
6280
6280
6284
6284
6376
6376
6371
6371
6740
6740
5504
5504
5709
5709
4979
4979
4537
4537
4655
4655
4689
4689
4857
4857
4859
4859
5260
5260
4846
4846
4101
4101
4514
4514
4644
4644
5056
5056
5373
5373
5950
5950
5622
5622
5703
5925
5925
4731
4755
4755
4926
4926
4950
4950
5154
5154
5718
5718
5272
5272
5375
5375
6546
6546
5444
5444
5576
5576
5823
5823
5913
5913
6452
6452
6969
6969
6698
6698
6814
6814
7089
7089
7653
7653
7073
7073
6906
6906
6636
6636
6510
6510
6418
6418
5431
5431
5012
5012
4906
4906
5013
5013
5271
5271
5049
5049
5118
5118
4902
4902
4992
4992
5156
5156
5682
5682
5343
5343
5384
5384
5708
5708
5939
5939
6273
6273
6375
6478
6478
6129
6129
5545
5545
5881
5881
6398
6410
6410
6394
6394
6869
6869
6914
6914
5711
5711
5311
5311
5656
5656
5758
5758
5803
5803
5991
5991
6034
6034
5978
5978
5986
5986
5921
5921
5946
5946
6334
6334
6458
6458
6579
6579
6327
6327
6457
6457
6676
6676
6730
6730
6477
6477
6575
6575
6660
6660
6679
6679
6206
6206
6626
6685
6685
6746
6746
6926
6926
6891
7010
7010
7078
7078
7501
7501
7677
7771
7771
7509
7509
7581
7581
6835
6835
6723
6723
6732
6732
6812
6812
7789
7789
6792
6792
6863
6863
7141
7141
7244
7244
7772
7772
7922
7922
7419
7419
6975
6975
7074
7074
7282
7282
7298
7298
7778
7778
7080
7080
7533
7533
7671
7671
7590
7590
7559
7559
6538
6538
7291
7291
7353
7353
7519
7519
7672
7672
6505
6505
6601
6601
6988
6988
7058
7058
7149
7149
7274
7274
7485
7485
6349
6349
6134
6134
6200
6200
5968
5968
5893
6373
6373
7086
7086
6767
6767
6893
6893
5990
5990
6238
6238
5754
5754
6102
6102
6056
6056
6154
6154
6182
6182
6717
6717
6862
6862
6878
6878
6915
6915
7214
7214
7118
7118
6265
6265
7326
7326
7381
7381
7433
7433
7720
7720
7358
7358
7277
7277
7451
7451
7521
7521
7989
7989
7483
7483
6800
6800
7348
7348
6509
6509
6291
6291
5959
5959
6282
6282
6707
6707
7101
7101
6866
6866
7184
7184
7287
7287
6281
6281
6149
6149
7018
7018
7121
7121
7288
7288
7376
7376
7829
7829
7929
7929
7156
7156
6948
7777
7777
7946
7946
7717
7717
7759
7759
7729
7729
6361
6361
6600
6600
7604
7604
6933
6933
7137
7137
6682
6682
7025
7025
6496
6496
6518
6518
6557
6557
7209
7209
7354
7354
6643
6643
7004
7004
6789
6789
7711
7711
7192
7192
7481
7481
6983
6983
7136
7136
7204
7204
7147
7147
7281
7281
7474
7474
7500
7500
7968
7968
7228
7228
7462
7462
6820
6820
6665
6665
6752
6752
7367
7367
7394
7394
7540
6827
6827
7251
7251
7921
7921
7775
7775
7855
7855
7912
7912
7216
7216
7396
7396
7662
7662
7619
7619
7816
7816
7891
7891
7991
7991
7859
7859
7542
7542
7622
7622
7346
7346
7455
7911
7911
7938
7938
7760
7760
7794
7794
7185
7688
7688
7863
7863
4675
4675
4823
4936
4936
5025
5025
5057
7706
7706
7954
7954
7303
7215
6237
6237
5255
5255
5144
5144
4825
4825
5587
5587
6346
6346
6694
6694
6781
6837
6837
6817
6817
7351
7351
7117
7117
7486
7486
7502
7502
7571
7571
7764
7764
7915
7915
7942
7942
7972
7972
5219
7055
6235
6567
6951
6951
6728
6728
3558
6809
6809
7702
7702
7530
7530
7470
7470
7872
7872
7060
7060
7146
7146
6991
6991
5133
5133
6699
6881
6881
7783
7783
7009
7009
7279
7464
7587
7587
6628
6628
7630
7630
7631
7631
7750
7750
7860
7860
7593
7593
7259
7259
7782
6963
6963
5655
5655
5626
5626
4959
4959
5779
5779
5910
5910
5571
5571
4643
4643
4775
4775
5549
5549
5639
5639
5979
5979
6075
6075
6122
6122
6171
6171
6147
6147
5836
6313
6313
6468
6521
6521
6255
6255
4661
4661
4744
4744
5352
5352
6424
6424
6618
6618
6693
6693
5833
5833
6010
6010
6204
6204
6214
6214
6700
6700
7127
7127
7150
7150
7135
7135
6437
6437
5645
6892
6892
7361
7361
7050
7050
5732
5732
6099
6099
6552
6552
7403
7403
7700
7700
7525
7525
7387
7387
6473
6473
7190
7190
7640
7640
7703
7703
7713
7713
7725
7725
7738
7738
7779
7779
7175
7175
6253
6253
6801
6801
7213
7213
7319
7319
7661
7661
7801
7801
7562
7562
7762
7762
7380
7637
7637
3447
3447
3690
3879
3879
3653
3653
3806
3806
3916
3916
4393
4393
4460
4460
3700
3700
1853
1853
2110
2110
2381
2381
2704
2704
2967
2967
2521
3233
3233
3353
3353
3606
3606
3868
3868
4218
4218
4238
4238
3804
3804
3913
3913
4798
4798
4960
4960
6180
6180
5136
5136
3771
3771
3400
3400
4498
4498
3882
3882
4569
4569
4618
4618
4907
4907
4641
4641
4694
4694
4921
4921
4778
4778
4080
4080
4052
4052
4354
4354
4107
4107
4425
4425
5143
5143
5127
5127
5007
5007
5417
5417
5386
5386
5259
5259
5294
5294
5840
7220
7220
4951
4951
5047
5047
5062
5062
5262
5262
5464
5464
5627
5627
5685
5685
5456
5456
5192
5192
5556
5556
5926
5926
6076
6076
6104
6104
6116
6116
6124
6124
6287
6287
6484
6484
5605
5605
5565
5565
5753
5753
5899
5899
6461
6461
6530
6530
7226
7226
6583
6583
7138
7138
6849
6849
7131
7131
6860
6860
6907
6907
6642
6642
4653
6343
6343
7035
7035
6946
6946
7422
7575
7575
7407
7798
7344
7344
7793
7090
7090
7924
7924
7928
7928
7639
5738
5738
6543
6543
6589
6589
6672
6672
7191
7191
7854
7854
7901
7901
7881
4932
