37
159
159
258
258
1535
2107
2107
1483
1483
145
145
557
557
197
197
918
918
939
939
2007
2007
1842
2131
2131
1584
1584
280
280
290
290
328
355
355
574
574
736
736
1393
1393
1409
1409
1659
1659
2028
2282
2282
1747
1747
2843
2869
2971
2971
2564
3103
3285
3285
2654
2654
2727
2727
2791
2791
2391
2391
2466
2466
2460
2460
2176
2176
2054
2054
1600
2306
2306
2629
2855
2855
2145
2885
2885
2896
2896
2835
2835
2789
2975
2975
3265
3268
3268
3362
3362
3415
3415
1623
3535
3535
3975
3975
3597
3597
3369
3673
3673
3880
3880
4373
4646
5705
5705
3074
3074
3122
3122
3830
3830
4961
4961
4146
4146
2969
2969
3486
3486
3684
3684
3530
4429
4429
4471
4471
4518
4518
878
2129
3761
4583
4583
5152
5152
5574
5574
5657
5657
5328
5328
5051
5510
5510
5224
5224
6141
6141
5825
5825
5900
6647
6647
6718
6718
6722
6722
6766
6766
6910
6952
6952
5782
5782
5706
6793
6793
6884
6884
6222
6222
6916
6916
6070
6070
6101
6445
6621
6621
5638
5983
6098
6653
6653
481
642
642
238
238
239
239
595
618
618
432
665
665
703
703
1032
1032
1175
1175
1269
1269
2002
2002
1380
1380
1047
1047
95
974
1190
1190
2025
2025
2350
2350
2154
2154
2372
2372
2569
2569
1439
3422
3849
3950
3950
4367
4367
1680
4465
4465
3621
3621
3943
5268
5268
5930
5930
5327
5327
5135
5135
5411
5411
6320
6320
6515
6515
6944
6944
7285
7285
7589
7935
7935
7356
7356
5841
7488
7982
7982
7557
6922
7237
7237
6706
6706
6913
6913
5426
7714
7714
7297
7297
2228
7159
7476
7889
7889
7636
7636
6087
7103
7103
7810
7810
7950
7950
7537
7537
7379
