10
15
15
37
37
75
75
57
57
111
111
362
362
412
412
415
415
796
796
1098
1098
1106
1106
451
451
31
31
905
905
358
358
548
548
578
578
563
563
549
549
43
43
138
138
166
166
183
183
65
65
56
56
40
40
16
16
136
136
163
163
172
172
258
258
306
306
371
371
85
85
373
373
470
470
481
481
536
536
552
552
732
732
446
446
269
269
623
623
282
282
353
353
214
214
626
626
633
633
286
286
301
301
355
355
426
426
514
514
652
652
670
670
837
837
363
363
772
772
943
943
1019
1019
838
838
946
946
1032
1032
760
760
638
638
247
247
158
395
757
757
761
761
315
315
642
642
927
927
999
999
903
903
1044
1044
1255
1255
1268
1268
1061
1061
1163
1163
1280
1280
1229
1229
161
929
929
484
484
696
696
1035
1035
758
758
912
912
429
429
534
534
554
554
303
303
342
342
613
613
752
752
658
658
921
921
577
577
669
669
721
721
896
896
850
850
716
716
1063
1063
1005
1005
1066
1066
1018
1018
952
952
845
845
853
853
923
923
953
953
1077
1077
877
992
992
1072
1072
1169
1169
1137
1137
807
1336
1336
1542
1542
1655
1655
1789
1789
1265
1265
1240
1240
1262
1262
1306
1306
1135
1135
1247
1247
1236
1236
1256
1256
1299
1299
1329
1329
1396
1396
925
925
746
907
907
1088
1088
937
937
128
485
485
1411
1411
1383
1383
894
1252
1252
1420
1420
1191
1191
1566
1566
1624
1624
1645
1645
1653
1653
1643
1643
1658
1658
1936
1936
1865
1865
1705
1705
1596
1596
910
1366
1366
1075
1075
67
1634
1634
1610
1610
1774
1774
1804
1804
1806
1806
1706
1706
1378
1378
1360
1360
1275
1275
1417
1417
1449
1449
1337
1337
1134
1134
1308
1308
1335
1335
1541
1541
1405
1405
1603
1603
1608
1608
1660
1660
1680
1680
1715
1715
1671
1671
1558
1558
1719
1719
1772
1772
1556
1556
1372
1372
1423
1874
1874
1861
1861
1889
1889
1595
1595
1158
1158
1231
1231
1602
1602
1908
1908
1273
1273
1828
1828
1788
1788
1878
1878
1893
1893
1966
1966
1782
1782
1945
1945
1836
1836
1661
1661
1953
1953
1987
1987
1916
1916
1997
1997
1957
1957
1895
1895
1489
1925
1925
1381
1381
1703
1934
1934
1958
1958
1960
1960
1195
1805
1805
1663
1663
1995
1995
1844
1844
1868
1868
1955
1923
1351
1351
1838
1838
1327
1327
1751
1751
