14
133
133
113
113
302
302
270
270
324
324
323
323
578
578
745
745
641
641
933
933
953
953
416
416
486
486
489
489
553
569
569
907
907
993
993
1383
1383
1658
1658
982
982
1240
1240
1521
1521
1561
1561
956
956
1135
1283
1283
1231
1231
532
532
725
725
753
753
1059
1059
510
510
167
167
381
381
370
370
620
620
651
651
1022
1022
187
187
444
444
958
958
1157
1157
1569
1569
2010
2010
2088
2088
2020
2020
2168
2168
1900
1900
1356
1356
1858
1858
1155
1155
808
808
900
900
1370
1370
1326
1326
1236
1236
1300
1300
673
673
301
301
94
94
619
619
667
667
681
681
799
799
220
220
57
57
296
296
349
349
413
413
490
490
236
236
457
457
617
617
749
749
503
503
1209
1209
813
813
949
949
913
913
550
550
475
475
680
680
707
707
885
885
908
908
1455
1455
1421
1421
1436
1436
1469
1469
1503
1503
1571
1571
1723
1723
2266
2266
2315
2315
1955
1955
1091
1664
1664
1169
1169
1000
1000
506
506
793
793
243
243
511
511
898
898
700
700
977
977
1093
1093
2295
2295
336
336
485
485
19
19
27
27
567
567
841
841
985
985
988
988
1661
1661
906
906
1054
1054
44
44
71
156
156
152
152
218
218
446
894
894
1230
1230
1142
1142
584
584
1739
1739
752
752
399
399
184
184
211
211
390
390
122
122
468
468
470
470
477
477
89
89
715
794
794
605
605
971
971
227
227
546
546
692
692
817
817
38
38
541
541
215
215
465
465
327
327
129
129
272
272
67
67
162
162
100
100
126
126
649
649
867
867
424
424
811
811
820
820
1381
1381
1398
1398
357
357
1026
1026
91
91
944
944
263
263
579
579
43
43
507
507
276
276
36
678
678
688
688
798
798
704
704
1111
1111
670
670
698
698
1220
1220
199
199
213
213
118
118
1038
1038
255
255
995
995
203
203
421
421
107
107
219
219
26
26
499
499
143
143
806
806
735
1228
1228
1320
1320
1171
1171
479
479
495
887
887
990
990
241
241
560
560
1183
1183
1807
1807
709
709
1334
1334
1373
1373
1335
1335
1267
1267
1385
1385
1761
1761
1347
1347
1449
1449
141
141
225
225
542
542
400
400
61
61
221
221
253
253
46
46
577
833
833
312
312
984
984
523
523
478
478
695
695
723
723
1097
1097
1463
1463
1717
1717
1077
1077
1151
1151
1638
1638
1377
1377
1654
1654
2030
2030
1800
1800
1204
1204
635
635
741
741
851
851
245
245
369
369
526
526
758
758
1008
1008
1345
1345
1527
1527
1710
1710
2074
2074
1914
1914
901
901
1467
1467
1781
1781
973
973
783
783
1062
1062
1084
1084
1106
1106
1312
1312
1328
1328
1763
1763
1783
1783
1895
1895
2237
2237
1556
1556
1511
1511
1494
1494
1869
1869
1605
1605
2243
2243
2286
2286
2535
2535
1925
1925
1709
1709
1159
1159
1330
1330
1504
1504
1949
1949
763
763
627
627
1208
1208
1115
1115
646
646
800
800
1293
1293
576
1538
1538
1697
1697
1847
1847
3067
3067
2456
2456
950
950
1121
1121
1338
1338
1410
1410
1396
1396
1859
1859
1702
1702
1828
1828
2669
2669
1649
1649
2079
2079
2293
2293
1904
1904
2436
2436
2647
2647
2736
2736
2773
2773
2558
2558
3260
3260
2524
2524
1570
1570
1513
1513
1576
1576
1866
1866
1874
1874
2332
2332
1952
1952
2603
2603
2614
2614
2664
2664
3176
3176
2343
2343
1765
1765
1920
1920
2185
2185
2172
2172
2363
2363
2342
2342
1098
1098
1594
1594
1206
1206
565
565
967
967
1085
1085
2517
2921
2921
2596
2596
2980
2980
3001
3001
2181
2181
2177
2177
2080
2080
2499
2499
2554
2554
2624
2624
2236
2236
2586
2586
2581
2581
2750
2750
2942
2942
2370
2370
1977
1977
2523
2523
2831
2831
1712
1712
1282
1282
1679
1679
1706
1706
2042
2042
2044
2044
2574
2574
2216
2216
2015
2015
911
911
1526
1526
2005
2005
2153
2153
1833
1833
2341
2341
1466
2352
2352
2396
2396
2256
2256
2478
2478
2864
2864
2588
2588
2609
2609
2354
2354
2857
2857
2897
2897
3224
3224
2330
2330
2714
2714
2845
2845
3021
3021
2926
2926
2972
2972
3133
3133
3159
3159
3327
3327
3194
3194
2420
2420
3151
3151
1868
1868
2001
2001
3070
3070
2214
2214
2304
2304
2503
2503
3254
3254
3315
3315
3482
3482
3905
3905
2784
2784
2642
2642
2699
2699
2732
2732
2753
2753
2803
2803
3341
3341
3941
3941
3128
3128
3521
3521
3014
3014
3118
3118
3592
3592
3277
3277
3193
3193
2778
2778
3090
3090
2739
2739
3349
3349
4221
4221
3368
3368
3414
3414
4162
4162
3264
3264
3481
3481
5148
5148
5132
5132
4603
4603
4381
4381
4036
4036
4240
4240
3628
3628
4148
4148
3098
3098
3230
3230
3129
3322
3322
771
3424
3424
3258
3258
3523
3523
4032
4032
4115
4115
4394
4394
2469
2469
2693
2693
2708
2708
2970
2970
3337
3337
3609
3609
3296
3296
3667
3667
1770
1770
1404
1404
1127
1127
1592
1592
1310
1310
1825
1825
2210
2210
1456
1456
3047
3047
2149
2149
2826
2826
1978
1978
3179
3179
3307
3307
3619
3619
3617
3617
3670
3670
3701
3701
3463
3463
3730
3730
3854
3854
4043
4094
4094
3885
3885
3940
3940
4018
4018
4137
4137
4155
4155
4054
4054
3222
3222
3491
3491
3479
3479
2536
2536
3561
3561
3594
3594
4579
4579
3709
3709
3759
3759
3863
3863
3232
3232
3778
3778
3947
3947
3876
3876
4909
4909
4182
4182
3803
3803
4109
4109
4122
4122
3239
3239
4358
4358
4379
4379
4478
4478
4531
4531
4779
4779
4499
4499
4591
4591
4657
4657
4842
4842
4108
4108
3632
3632
4624
4624
4409
4409
4562
4562
4604
4604
5001
5001
4663
4663
4860
4860
3542
3542
3498
3498
3360
3360
3286
3286
3518
3518
3764
3764
3748
3748
4021
4021
4002
4002
4253
4253
4295
4295
4307
4307
5098
5098
2925
2925
2954
2954
2995
2995
3171
3171
3300
3300
3154
3154
3332
3332
2552
2552
2751
2751
2873
2873
2505
2505
1477
1477
1100
1100
1037
1037
393
516
516
398
398
404
404
832
832
855
855
647
647
420
420
1382
1382
786
786
1261
1261
1454
1454
1378
1378
1932
1932
862
1651
1651
1942
1942
2063
2063
2190
2190
2119
2119
2121
2121
2489
2489
2643
2643
2284
2284
2208
2208
914
3271
3271
2759
2759
3291
3291
3356
3356
3382
3382
2763
2763
2162
2162
2347
2347
1700
1700
759
759
1309
1309
1964
1964
2082
2082
1212
2317
2357
2357
2461
2461
2257
2257
1916
1916
2407
2407
2471
2471
2656
2656
2677
2677
2960
2960
2509
2509
2815
2815
1918
1918
2292
2292
2487
2487
2419
2419
3473
3473
3504
3504
3272
3272
3082
3082
3642
3642
1927
1927
1435
2593
2593
3672
3672
3779
3779
2281
2281
3982
3982
3183
3183
3605
3605
4199
4199
2501
2501
1095
1095
1840
1840
1549
1549
2279
2279
2365
2365
2474
2474
2518
2518
2312
2312
2635
2635
1813
1813
1675
1675
367
367
386
386
856
856
533
533
981
981
1042
1042
1058
1058
1134
1134
1568
1568
1374
1374
1578
1578
1752
1752
1279
1279
1694
1694
2735
2735
2226
2226
1999
1999
2173
2173
1787
1787
1844
1844
1941
1941
2137
2137
1601
1601
2109
2109
2101
2101
2159
2159
2187
2187
2450
2450
2421
2421
2264
2264
2033
2033
1930
1930
2078
2078
1128
1128
1177
1177
1650
1650
1705
1705
1919
1919
2253
2253
1529
1529
1273
1273
2057
2057
2527
2527
2144
2144
2379
2379
2934
2934
2701
2701
2932
2932
2989
2989
2966
2966
2247
2247
3043
3043
2095
2095
2438
2438
2234
2234
2388
2388
2417
2417
2451
2451
1924
1924
1957
1957
2665
2665
2722
2722
2258
2725
3326
3326
2728
2728
2899
2899
2485
2745
2745
2395
2395
2416
2416
2715
2715
2556
2556
2592
2592
2761
2761
2854
2854
2903
2903
3626
3626
3776
3776
3126
3126
3646
3646
3763
3763
3434
3434
3720
3720
2867
2867
2376
2376
3173
3173
1908
3177
3177
3147
3147
3466
3466
3516
3516
3925
3925
4061
4061
3497
3497
3464
3464
3532
3532
3568
3568
2824
2824
3088
3106
3106
2959
2959
2633
2633
2749
2749
2904
2904
3097
3097
3175
3175
2267
2267
2490
2490
2741
2741
2840
2840
2863
2863
3035
3035
3551
3551
2504
2504
2769
2769
2393
2393
2879
2879
3064
3064
3256
3256
3545
3545
3678
3678
3320
3320
3886
3886
4214
4214
3547
3547
2828
4084
4084
3680
3680
3044
3044
3048
3048
3137
3137
3440
3440
3294
3294
3649
3649
3826
3826
3859
3859
4015
4015
4475
4475
4549
4549
4574
4574
4532
4532
4605
4605
4843
4843
4329
4329
3211
3211
2940
2940
2689
2689
2169
2822
3284
3284
3340
3340
3217
3217
3373
3373
3958
3958
4105
4105
4271
4271
2936
2936
2627
2627
2706
2706
2814
2814
2865
2865
3355
3355
3383
3383
3170
3170
3385
3385
3216
3216
3643
3643
3715
3715
4450
4450
4563
4563
4567
4567
4636
4636
5002
5002
3656
3656
3781
3781
5276
5276
4678
4678
3988
3988
4095
4095
4231
4231
4255
4255
4181
4181
5215
5215
3660
3660
3933
3933
4039
4039
4280
4280
4340
4340
4403
4403
4622
4622
4457
4457
4608
4608
4496
4496
4628
4628
4660
4660
4833
4833
3191
3191
3235
4066
4066
4278
4278
4973
4973
4178
4178
3584
3584
4418
4418
5329
5329
4234
5441
5441
5397
5397
4551
4551
4991
4991
5198
5198
4526
4526
4570
4570
3999
3999
3851
3851
4154
4154
4186
4186
5058
5058
5467
5467
5450
5450
5584
5584
5927
5927
6038
6038
6202
6202
4070
4070
4492
4492
4031
4031
3471
4283
4283
4868
4868
5214
5214
5425
5425
5316
5316
5125
5125
5880
5880
5509
5509
6021
6021
6045
6045
5640
5640
6092
6092
4668
4668
4872
4872
5034
5034
4827
4827
4933
4933
5128
5128
5357
5357
5589
5589
5748
5748
6705
7265
7265
5909
5909
4696
4696
4697
4697
4708
4708
4995
4995
5021
5021
5203
5203
5240
5240
4804
4804
4901
4901
5583
5583
5646
5646
5600
5600
6090
6090
6150
6150
6159
6159
7836
7836
5364
5364
5829
5829
5974
5974
6420
6420
7315
7315
5726
5726
5882
5882
5937
5937
6123
6123
6212
6212
6112
6112
6224
6224
6784
6784
7047
7047
6534
6534
6655
6655
6688
6688
6400
6400
6009
6009
5525
5525
6051
6051
5687
5687
4247
6354
6354
6391
6391
6958
6958
6702
6702
6841
6841
7456
7456
7607
7607
6897
6897
6512
6512
6686
6686
6782
6782
6797
6797
6691
6691
6289
6289
5378
5378
5743
5743
6338
6338
7457
7457
5692
5692
5165
5165
5717
5717
5862
5862
5742
5742
4977
4977
3458
3458
4988
4988
5153
5153
3686
3686
4320
4320
4266
4266
4479
4479
4585
4585
4720
4720
4536
4536
4645
4645
4722
4722
4940
4940
4459
4459
4670
4670
4989
4989
4873
4873
4962
4962
5239
5239
5365
5365
4228
4228
4370
4370
4398
4398
3878
3878
4091
4091
4170
4170
4229
4229
3020
3020
3319
3319
3308
3308
3786
3786
3892
3892
3821
3821
4006
4006
4230
4230
4925
4925
4158
4158
4736
4736
5256
5256
5166
5166
5175
5175
5402
5402
5406
5406
5683
5683
5261
5261
5698
5698
6309
6309
3966
3966
3973
3973
4184
4184
3543
3543
3870
3870
3914
3914
4267
4267
4311
4311
4486
4486
4686
4686
4444
4444
3180
3180
3554
3554
3574
3574
3792
3792
3936
3936
4005
4005
4235
4235
4003
4003
3726
3726
3376
3376
3739
3739
4104
4104
4279
4279
4577
4577
4274
4274
4447
4447
3962
3962
4555
4555
4638
4638
4572
4572
4387
4387
5340
5340
5157
5157
4854
4854
4985
4985
4717
4717
4462
4462
4538
4538
4700
4700
4144
4806
4806
4861
4861
4913
4913
4914
4914
5476
5476
5442
5442
5111
5111
5066
5066
5141
5141
5161
5161
5167
5167
4564
4564
4164
4164
4422
4422
4753
4753
4871
4871
4855
4855
4980
4980
5059
5059
5075
5075
4239
4239
4141
4141
3556
3556
4588
4588
4593
4593
4970
4970
5042
5042
5026
5026
5067
5067
5008
5008
5016
5016
5174
5174
5184
5184
5284
5284
5356
5356
5594
5594
6052
6052
5623
5623
5455
5455
5247
5247
5227
5227
5354
5354
4908
4908
4800
4800
3963
3963
5069
5069
5112
5112
5578
5578
4832
4832
4707
4707
4687
4687
5468
5468
4293
4293
4967
4967
4438
4438
4316
4316
4157
4157
5520
5520
4884
4884
5030
5030
4442
4442
3985
3985
3827
3827
3844
3844
4210
4210
4454
4454
4467
4467
3799
3976
3976
4067
4067
4215
4215
4978
4978
4594
4594
5304
5304
5831
5831
5941
5941
5943
5943
5888
5888
6562
6562
6733
6733
7450
7450
7463
7463
6572
6572
6462
6462
5859
5859
5116
5116
5429
5429
5347
5347
5544
5544
5534
5534
5696
5696
5821
5821
5209
5209
5390
5390
5235
5235
6088
6088
6301
6301
5526
5526
6325
6325
6347
6347
6341
6341
5601
5601
6143
6143
6551
6551
6731
6775
6805
6805
6423
6423
5850
5850
6479
6479
5775
5775
6046
6046
6017
6017
6067
6067
6074
6074
4332
4332
4190
4190
3335
3335
4386
4386
4489
4489
5290
5290
4601
5451
5451
5770
5770
5099
5099
5931
5931
6026
6026
6179
6179
5750
5750
4904
4904
4522
4522
4547
4547
4943
4943
5212
5212
5333
5333
5339
5339
5985
5985
6241
6241
6326
6326
6633
6633
7230
7230
7341
7341
7845
7845
6209
6209
7852
7852
6262
6262
5305
5305
5362
5362
5528
5528
5551
5551
5768
5768
6276
6276
6758
6758
6646
6646
6695
6695
7070
7070
7477
6302
7835
6813
6813
6609
6609
6834
6834
7338
7338
6656
7535
7535
7937
7937
7883
7883
6451
6451
6630
6630
7633
7633
5686
6898
6898
4740
4740
4998
5769
5769
5801
5801
5867
5867
6464
6464
6463
6463
6798
6798
6821
6821
7022
7022
4746
7273
7273
7222
7222
6047
6648
7015
7015
7306
7306
7032
7032
6489
6489
6764
6764
6742
6742
6681
6681
6595
6595
5496
5496
5675
5675
6370
6370
6434
6434
5788
5788
5715
5715
5499
5499
5550
5550
5650
5650
5434
5434
5459
5459
5690
5690
5956
5956
6425
6425
6548
6548
6559
6559
6605
6605
6125
6125
5291
5291
5337
5337
5372
5372
5480
5480
5739
5739
5773
5773
5962
5962
6422
6422
6554
6554
5469
5469
5644
5644
3156
5182
5182
5418
5418
4969
4969
4785
4785
4507
4507
5250
5250
5433
5433
5547
5547
5318
5318
6058
6058
5612
5612
5702
5702
5586
5586
5710
5710
6520
6520
7084
7084
6135
6135
5759
5759
6065
6065
6028
6028
5815
5815
5795
5795
5806
5806
5745
5745
5530
5530
5951
5951
5798
5798
5916
5916
5977
5977
5966
5966
6243
6243
6145
6145
6266
6266
6882
6882
6808
6808
6870
6870
7072
7072
7093
7093
6684
6684
6716
6716
6389
6389
6321
6321
6997
6997
6106
6616
7331
7331
7112
7112
7548
7548
6664
6664
7095
7095
7781
7781
7696
7696
7036
7036
7552
7552
7473
7473
6771
6771
7565
7565
7975
7975
7898
7898
7884
7884
7393
7393
7776
7776
7840
7840
6966
6966
7290
7290
7564
7564
7656
7656
7693
7693
6979
6979
6390
6390
6526
6526
6736
6736
6894
6894
7179
7179
6786
6786
7012
7012
7449
7449
7850
7850
7109
7109
7790
7790
5596
5596
4879
4879
4701
4701
4794
4794
4984
4984
5767
5767
5465
5465
5580
5580
5866
5866
6091
6091
6286
6286
6401
6401
4581
4581
4556
4556
5124
5124
4858
4858
5121
5121
5608
5608
5674
6188
6188
6080
6080
5315
5315
5040
5040
6365
6877
6877
6387
6387
5511
5511
5667
5667
5498
5498
5804
5804
5281
5281
5858
5858
6184
6184
6208
6208
6430
6430
6436
6436
5350
5350
6355
6355
6779
6779
7373
7373
7516
7516
7784
7784
6708
6708
6747
6747
7165
7165
7421
7421
7205
7205
6852
6852
7280
7280
7130
7130
7157
7157
6495
6495
6433
6433
6130
6130
6439
6439
6607
6607
7011
7011
7119
7119
6216
6216
6323
6323
6635
6783
6783
6953
6953
7038
7038
7193
7193
7217
7217
6431
6431
6762
6762
6649
6649
6839
6839
6772
6772
6378
6378
6577
6577
6737
6737
6998
6998
7200
7200
5981
7268
7268
6935
6935
7033
7033
6060
6060
6007
6007
6132
6132
6956
6956
6985
6985
7198
7198
7400
7400
7908
7908
7641
7300
7300
7301
7301
7201
7201
7962
7962
7791
7452
7452
6059
6059
6032
6032
6982
6982
7568
7568
7046
7046
6865
6865
6573
6573
6886
6886
7923
7923
7520
7520
7681
7681
7986
7986
7831
7831
7880
7880
6535
6535
7890
7890
7955
7955
7371
7371
6416
6416
6357
6357
6368
6368
6517
6517
6527
6527
6819
6819
6617
6617
6456
6456
6566
6566
6993
6993
6957
6957
7083
7083
7245
7245
6972
6972
7320
7320
7650
7650
7712
7712
7409
7409
7796
7796
7695
7861
7861
6043
6043
6481
7363
7867
7867
7478
7478
5774
5774
7844
7844
7063
6569
6569
6832
6832
7873
7873
7956
7956
7357
7995
7995
6499
6499
6627
6627
6683
6683
6658
6658
7207
7207
7241
7241
7248
7248
7792
7792
7797
7797
7465
7465
7284
7284
7302
7302
7195
7195
7182
7182
7362
7362
7324
7324
7425
7425
7560
7560
7621
7621
7848
7848
7577
7577
7429
7429
7623
7623
7644
7644
7663
7663
7978
7978
7624
7624
7926
7926
7870
7870
7987
7987
6172
7174
7174
7202
7202
6932
6932
7846
7846
7918
7918
7780
7953
7546
7546
7049
7049
7925
7925
7578
7578
6144
6144
6661
6661
6777
6777
7206
7206
7172
7172
6888
6888
7057
7057
7352
7352
7360
7360
7323
7323
7513
7513
7699
7699
7737
7737
7045
7045
7069
7069
6904
6904
7258
7258
7289
7289
7555
7555
7826
7826
7685
7685
7529
7529
7659
7659
7947
7947
7949
7949
7076
7076
6223
6223
7350
7350
7029
7029
7187
7187
7453
7453
7528
7528
7767
7767
7951
7951
6604
6604
7882
7882
7958
7958
7787
7787
7990
7990
7347
7347
7472
7472
7576
7576
7591
7591
7710
7710
7676
7676
7701
7443
7617
4156
6115
7219
