0
2
2
3
3
13
13
46
46
38
38
51
51
52
52
53
53
54
54
58
58
61
61
67
67
72
72
78
78
87
87
81
81
91
91
111
111
95
95
96
96
100
100
114
114
115
115
86
86
119
119
122
122
127
127
134
134
145
145
146
146
153
153
166
166
181
181
187
187
191
191
192
192
175
175
319
319
195
195
202
202
204
204
205
205
208
208
210
210
190
190
274
274
213
213
214
214
220
220
221
221
231
231
242
242
224
224
230
230
252
252
259
259
245
245
263
263
260
260
253
253
279
279
270
270
288
288
308
308
301
301
312
312
310
310
313
313
327
327
315
315
322
322
329
329
331
331
326
326
351
351
338
338
342
342
349
349
339
339
360
360
362
362
364
364
375
375
377
377
363
363
379
379
383
383
399
399
402
402
406
406
405
405
425
425
407
407
409
409
414
414
416
416
424
424
430
430
436
436
437
437
448
448
449
449
458
458
468
468
455
455
465
465
491
491
474
474
469
469
479
479
488
488
494
494
504
504
508
508
510
510
515
515
516
516
519
519
518
518
521
521
520
520
499
499
531
531
550
550
539
539
541
541
564
564
552
552
446
446
569
569
568
568
578
578
567
567
573
573
590
590
589
589
556
556
596
596
579
579
584
584
592
592
602
602
605
605
601
601
599
599
604
604
610
610
622
622
645
645
629
629
666
666
612
612
637
637
755
755
657
657
670
670
702
702
683
683
665
665
668
668
669
669
684
684
692
692
693
693
696
696
706
706
707
707
720
720
718
718
722
722
725
725
728
728
732
732
748
748
737
737
754
754
756
756
759
759
762
762
766
766
776
776
784
784
790
790
779
779
782
782
789
789
792
792
805
805
796
796
810
810
806
806
760
760
680
680
1063
1063
812
812
817
817
825
825
826
826
832
832
835
835
836
836
845
845
841
841
843
843
846
846
849
849
848
848
862
862
865
865
867
867
915
915
873
873
899
899
904
904
912
912
916
916
920
920
921
921
925
925
944
944
929
929
936
936
937
937
951
951
961
961
965
965
966
966
981
981
985
985
998
998
1010
1010
986
986
1020
1020
1015
1015
995
995
1023
1023
1021
1021
1031
1031
1033
1033
1009
1009
1045
1045
1037
1037
1046
1046
1047
1047
1061
1061
1053
1053
1066
1066
1068
1068
1069
1069
1075
1075
1086
1086
1096
1096
1089
1089
1067
1067
1093
1093
1098
1098
1102
1102
1112
1112
1108
1108
1111
1111
1120
1120
1137
1137
1132
1132
1139
1139
1128
1128
1117
1117
1142
1142
1145
1145
1167
1167
1156
1156
1178
1178
1201
1201
1152
1152
1168
1168
1179
1179
1173
1173
1175
1175
1189
1189
1216
1216
1233
1233
1236
1236
1206
1206
1210
1210
1215
1215
1227
1227
1237
1237
1245
1245
1249
1249
1241
1241
1268
1268
1253
1253
1263
1263
1272
1272
1275
1275
1271
1271
1278
1278
1293
1293
1288
1288
1279
1279
1291
1291
1300
1300
1304
1304
1305
1305
1281
1281
1312
1312
1316
1316
1306
1306
1319
1319
1321
1321
1331
1331
1336
1336
1338
1338
1352
1352
1387
1387
1343
1343
1340
1340
1348
1348
1374
1374
1360
1360
1364
1364
1370
1370
1383
1383
1394
1394
1398
1398
1389
1389
1396
1396
1420
1420
1400
1400
1402
1402
1418
1418
1395
1395
1427
1427
1422
1422
1431
1431
1414
1414
1419
1419
1438
1438
1437
1437
1429
1429
1443
1443
1460
1460
1447
1447
1449
1449
1452
1452
1456
1456
1464
1464
1470
1470
1446
1446
1477
1477
1478
1478
1483
1483
1479
1479
1503
1503
1491
1491
1467
1467
1486
1486
1493
1493
1496
1496
1508
1508
1515
1515
1519
1519
1520
1520
1522
1522
1527
1527
1528
1528
1536
1536
1552
1552
1579
1579
1543
1543
1562
1562
1538
1538
1556
1556
1501
1501
1582
1582
1588
1588
1593
1593
1603
1603
1606
1606
1612
1612
1610
1610
1622
1622
1613
1613
1638
1638
1615
1615
1632
1632
1635
1635
1637
1637
1656
1656
1641
1641
1655
1655
1667
1667
1668
1668
1674
1674
1669
1669
1661
1661
1684
1684
1675
1675
1702
1702
1682
1682
1679
1679
1691
1691
1719
1719
1704
1704
1720
1720
1722
1722
1718
1718
1736
1736
1763
1763
1733
1733
1765
1765
1767
1767
1775
1775
1774
1774
1788
1788
1737
1737
1776
1776
1807
1807
1782
1782
1784
1784
1804
1804
1809
1809
1818
1818
1820
1820
1831
1831
1839
1839
1843
1843
1847
1847
1824
1824
1837
1837
1881
1881
1875
1875
1877
1877
1879
1879
1880
1880
1883
1883
1888
1888
1899
1899
1903
1903
1892
1892
1905
1905
1913
1913
1910
1910
1911
1911
1918
1918
1917
1917
1914
1914
1920
1920
1919
1919
1923
1923
1927
1927
1931
1931
1929
1929
1912
1912
1928
1928
1951
1951
1937
1937
1935
1935
1940
1940
1946
1946
1934
1934
1949
1949
1954
1954
1960
1960
1970
1970
1958
1958
1964
1964
1965
1965
1979
1979
1987
1987
1992
1992
1986
1986
1991
1991
2005
2005
1998
1998
2011
2011
2002
2002
2009
2009
2015
2015
2025
2025
2026
2026
2044
2044
2032
2032
2043
2043
2051
2051
2055
2055
2060
2060
2053
2053
2075
2075
2062
2062
2072
2072
2040
2040
2082
2082
2067
2067
1996
1996
2070
2070
2074
2074
2083
2083
2084
2084
2085
2085
