0
146
146
1361
1361
321
321
246
246
467
467
1598
1598
1431
1431
285
285
774
774
189
189
1118
1118
275
275
12
12
39
39
517
517
573
573
183
183
49
49
50
158
383
514
514
110
110
563
563
587
587
431
431
544
544
776
776
822
822
166
166
196
196
233
233
342
342
311
311
81
81
555
555
343
343
403
403
843
870
870
1794
1940
1940
1970
1970
946
946
905
905
795
795
1069
1069
1158
1158
960
960
1235
1235
1611
1611
2089
2089
2041
2041
610
610
751
751
314
314
775
775
824
824
897
897
948
948
916
916
782
782
1642
1642
1450
1450
1778
1778
1806
1806
1215
1215
1359
1359
1426
1426
1542
1542
730
730
1718
1718
1819
1819
1835
1835
761
761
269
269
804
804
943
943
624
624
912
912
983
983
1692
1692
1344
1344
1130
1130
1613
1613
372
372
5
5
34
34
13
13
32
32
231
231
1520
1520
363
363
160
160
119
119
72
72
76
76
123
123
248
248
138
138
178
178
229
229
368
368
295
295
179
179
374
374
359
359
274
274
746
746
461
461
547
547
604
604
734
734
1218
1218
836
836
450
450
732
732
1415
1415
1478
1478
858
858
1224
1224
1960
1960
1617
1617
936
936
365
365
1120
1120
1227
1227
428
428
1298
1298
186
186
29
29
287
287
291
291
434
434
616
616
801
801
1711
1711
1753
1753
830
830
2246
2246
2265
2265
1644
1644
1216
1216
1408
1408
1081
1081
1199
1199
727
727
860
860
1139
1139
1200
1200
1291
1291
1537
1537
1540
1540
1573
1573
2320
2320
2380
2380
1880
1880
1812
1812
1898
1898
1801
1801
1883
1883
2374
2374
1063
1063
1926
1926
1997
1997
2053
2053
2537
2537
2659
2659
2718
2718
2853
2853
2369
2369
2191
2191
2070
2070
1909
1909
2254
2254
1905
1905
1944
1944
1836
1836
1470
1470
2594
2594
2595
2595
2021
2021
1619
1619
1897
1897
1967
1967
1471
1471
1830
1830
476
476
1238
1238
1311
2506
2506
2046
2046
2255
2444
2444
1587
1587
1922
1922
1275
1275
1036
1036
1247
1247
861
861
818
818
375
375
125
125
132
132
1244
1244
501
501
207
207
181
181
409
409
1187
1187
451
451
384
384
66
66
391
391
90
90
427
427
438
438
488
488
989
989
1302
1302
655
655
1368
1368
474
474
923
923
394
394
1745
1745
1453
1453
1732
1732
1257
1257
524
524
58
58
538
694
694
223
223
519
519
284
284
114
114
82
82
40
40
8
8
214
214
705
705
518
518
10
10
436
436
92
92
417
417
439
439
606
606
675
675
883
883
877
877
821
821
535
591
591
1325
1325
1061
1061
401
401
463
463
640
640
659
659
429
429
951
951
1102
1102
1547
1547
658
658
1314
1314
1323
1323
1253
1991
1991
1734
1734
1448
1448
1327
1327
1443
1443
1487
1487
1599
1599
1811
1811
2071
2071
1597
1597
2429
2429
2297
2297
1990
1990
1541
1541
1722
1722
1988
1988
2050
2050
1579
1579
823
823
1040
1040
1087
1087
1167
1167
1388
1388
1998
1998
2170
2170
2244
2244
2008
2008
2059
2059
2382
2382
2291
2291
2221
2221
2488
2488
2453
2453
2502
2502
2985
2985
2366
2366
2913
2913
3167
3167
660
660
1976
1976
2060
2060
1980
1980
1287
1287
1425
1425
1432
1432
1548
1548
1591
1591
1749
1749
1626
1626
1260
3160
3160
1871
1871
1936
1936
2207
2207
2651
2651
1802
1802
536
1621
1621
1862
1862
59
59
387
387
645
645
402
402
609
609
1052
1052
1089
1089
1196
1196
1248
1248
1348
1348
1045
1045
1575
1575
537
537
1609
1609
1685
1685
1735
1735
1921
1921
1742
1742
1987
1987
2384
2384
742
1928
1928
902
1447
1669
1669
1384
1384
1490
1490
2587
2587
2598
2598
2965
2965
1992
2984
2984
2851
2851
2992
2992
2920
2920
2013
2013
2449
2449
2646
2646
2520
2520
2445
2445
2465
2465
2908
2908
2914
2914
2672
2672
2768
2768
2952
2952
3336
3336
3323
3323
3257
3257
3339
3339
4484
4484
3566
3566
3206
3206
3396
3396
3580
3580
2667
2667
2660
2660
2373
2373
2781
2781
2825
2825
3590
3590
2974
2974
2686
2686
2983
2983
3091
3091
3203
3203
3053
3053
3169
3897
3897
4431
4431
4517
4517
4359
4359
3028
3624
3624
3704
3704
3968
3968
4167
4167
4203
4203
4334
4334
4730
4730
4791
4791
3363
3363
4037
4037
3639
3639
3533
3533
2734
2734
3539
3539
2551
2551
3567
3567
3371
3371
2359
2359
2428
2428
2065
2065
2611
2611
2758
2758
1688
1688
1417
1417
1168
1168
636
636
1013
1013
831
831
1149
1149
1242
1242
1277
1277
1324
1324
1441
1441
1515
1515
1751
1751
1776
1776
2437
2437
2383
2383
1647
1647
2318
2318
2612
2612
2968
2968
2862
2862
2860
2860
2368
2368
1738
1738
1460
1460
1767
1767
2036
2036
2164
2164
1451
2401
2401
2530
2530
3000
3000
3011
3011
2273
2273
2189
2189
2133
2133
2405
2405
2871
2871
2874
2874
1318
1318
816
1108
1750
1750
1822
2069
2157
2486
2486
2533
2533
2813
2813
2496
2496
2892
2892
1041
3056
3056
3059
3059
3158
3158
3198
3198
3563
3563
3795
3795
3725
3725
3627
3627
3774
3774
3805
3805
3872
3872
4350
4350
3846
3846
4191
4191
4265
4265
4310
4310
3780
3780
3740
3740
4024
4024
3865
3865
4193
4193
3996
4349
4349
2425
4419
4419
4477
4477
4292
4292
4410
4410
4414
4414
4897
4897
4560
4560
4725
4725
4838
4838
4971
4971
5027
5027
5071
5071
5137
5137
5949
5949
5914
5914
6127
6127
6251
6251
6068
6068
6590
6590
6713
7134
7134
6308
6308
6603
6603
4252
4252
4993
4993
5060
5060
5151
5151
4411
4411
3983
4616
4616
3884
3884
4220
4220
4819
4819
4820
4820
4822
4822
4928
4928
4958
4958
4966
4966
5193
5193
5360
5360
5278
5278
5052
5052
5108
5108
5783
5783
5517
5517
6227
6227
5799
5799
6232
6232
6317
6317
6268
6268
5320
5320
4987
4987
5252
5252
5554
5554
5689
5689
5811
5811
5345
5647
5647
4175
4175
2148
2148
3181
3181
3607
3607
3729
3729
4816
4816
4451
4451
3190
3190
3437
3437
4246
4246
3637
3637
4397
4397
4634
4634
4710
4710
4766
4766
4968
4968
5022
5022
5079
5079
5207
5207
5535
5535
5541
5541
6380
6380
5028
5028
5084
5405
5405
5741
5853
5853
5958
5958
5813
5813
5812
5812
5954
5954
5810
5810
5938
5938
6210
6210
6571
6571
6580
6580
6409
6409
5719
5719
7041
7041
6507
6507
7051
7051
6690
6690
6421
6421
5933
5933
6791
6899
6899
5912
5912
6640
6750
6750
6754
6754
7378
7378
7065
7065
6961
6961
6810
7238
7238
5489
7432
7432
7532
7532
7851
7851
7605
7605
7864
7864
7984
6720
6720
7024
7024
6318
6318
6851
6851
5735
5735
5483
5483
6213
6213
6196
6196
6048
6048
4552
4552
4452
4452
4576
4576
4642
4642
3935
3935
4269
4269
4809
4809
5145
5145
4343
4343
4964
4964
3115
3115
3138
3138
3142
3142
3262
3262
3706
3706
3862
3862
3445
3445
4161
4161
4222
4222
4299
4299
4322
4322
4250
4250
4627
4627
4750
4750
5170
5170
5413
5413
5633
5633
5760
5760
3152
3152
2539
2539
2688
2688
4123
4123
2876
2876
3248
3248
3024
3024
3767
3767
4019
4019
3534
3534
3105
3105
3309
3309
3343
3343
4382
4382
4395
4395
3675
3675
3853
3853
3956
3956
4565
4565
4434
4434
2964
2964
3927
3927
2559
2559
2003
2003
3009
3009
2051
2051
2035
2035
2424
2424
2513
2513
2086
2086
2448
2448
2713
2713
3033
3033
2622
2622
2919
2919
3108
3108
3131
3131
3352
3352
3073
3073
3055
3055
3023
3023
1799
1799
2090
2090
1963
1963
2519
2519
2227
2227
1572
1572
1430
1430
1362
1362
1843
1843
2402
2402
2458
2458
2390
2390
2423
2423
2300
2300
2599
2599
2606
2606
2211
2211
2696
2696
2808
2808
2858
2858
2912
2912
2948
2948
3069
3069
2937
2937
2930
2930
2775
2775
2957
2957
3025
3025
2477
2477
2544
2544
2742
2742
2492
2492
3141
3141
3240
3240
3550
3550
2785
2785
2894
2894
3050
3050
3066
3066
3465
3465
2889
2889
3662
3662
2958
2958
3252
3252
3295
3295
3582
3582
3753
3753
3450
3450
2066
2066
2711
2711
1643
1643
787
787
784
784
1423
1423
2480
2480
2143
2311
2472
2472
3204
3204
3269
3269
3375
3375
2780
2780
2576
2576
2578
2578
1507
1507
1286
1286
1274
1274
1290
1290
1329
1329
1768
1768
1769
1769
1667
1667
1304
1304
1672
1672
2389
2389
1721
2619
2619
3214
3214
1890
1890
2414
2414
2591
2691
2691
2877
2877
3423
3423
3215
3215
3902
3902
3506
3506
2777
2777
3116
3116
2895
2895
3113
3113
3280
3280
3483
3483
3816
3816
3814
3814
3683
3683
3869
3869
3961
3961
3586
3586
3608
3608
2700
2700
3576
3576
3644
3644
2804
2804
3525
3525
3718
3718
3757
3757
3873
3873
3164
3164
3511
3511
4075
4075
4136
4136
4721
4721
4276
4276
4046
4046
3904
3904
4049
4049
3693
3693
3209
3209
2261
2261
2508
2508
2961
2961
3086
3086
3346
3346
2821
2821
1838
1838
2045
2045
2779
2779
2850
2850
3100
3100
3390
3390
3687
3687
3856
3856
3861
3861
4173
4173
4073
4073
4165
4165
4138
4138
3367
3367
3068
3068
3111
3111
3162
3162
3165
3165
3407
3407
3499
3499
3174
3174
3459
3459
3480
3480
3559
3559
3696
3696
4058
4058
4117
4117
4315
4315
4415
4415
4584
4584
4211
4211
4561
4561
4270
4270
4251
4251
4273
4273
4468
4468
5083
5083
4275
4275
4353
4353
4469
4469
4611
4611
4578
4578
4632
4632
4787
4787
4817
4817
5018
5018
5095
5095
5244
5244
5237
5237
5915
5915
5919
5919
5210
5210
3924
3924
4587
4587
3212
3212
2454
2938
2938
3155
3546
3722
4194
4194
4099
4099
4013
4013
3793
3793
3822
3822
4174
4174
4302
4302
4196
4196
4183
4183
3366
3366
3588
3588
3548
3548
3520
3520
3377
3377
3522
3522
3330
3330
3202
3202
3500
3500
3570
3570
3685
3685
3970
3970
4413
4413
4546
4546
4702
4702
4688
4688
5361
5361
3472
3472
3702
3702
3510
3510
3758
3758
4012
4012
4480
4480
4918
4918
4637
4637
5598
5598
5842
5842
5497
5497
5176
5176
6385
6385
6229
6229
5957
5957
5382
5382
5540
5540
5834
5834
6085
6085
6382
6382
5944
5944
5603
5603
4085
4542
4602
4602
5105
5385
5385
5477
6136
6407
6444
6444
5129
5129
5228
5228
5381
5381
5400
5400
5637
5637
5649
5649
5781
5781
5714
5714
4829
4829
5920
5920
6139
6139
6305
6305
6542
6542
6591
6591
6854
6854
6555
7645
7645
7874
7874
7742
7742
6889
6889
6576
6576
6831
6831
6207
6207
6220
6220
6692
6692
6778
6778
7275
7275
6662
7697
7697
6939
6939
6973
6973
7039
7039
7196
7196
7430
7430
7803
7803
7545
7545
7266
7266
6639
6639
6392
6392
7129
7129
5064
5064
5036
5036
4741
4741
4535
4535
5162
5162
5186
5186
3348
3348
3585
3585
3910
3910
4008
4008
4011
4011
3062
3062
3381
3381
3610
3610
3716
3716
4009
4009
3972
3972
4348
4348
4680
4680
4776
4776
3674
3674
3703
3703
3664
3664
3682
3682
3712
3712
4096
4096
4774
4774
4051
4051
4213
4213
5232
5232
5211
5211
3994
3994
4327
4327
4497
4497
5220
5220
5309
5309
5436
5436
5606
5606
5632
5632
5641
5641
6095
6095
6348
6348
6578
6578
7088
7088
7031
7031
5994
5994
5570
5570
4887
4887
4848
5208
5208
5322
5625
5625
4994
4994
5317
5317
5765
5765
4745
4745
4226
4226
4941
4941
4957
4957
5120
5120
5023
5023
4374
4374
4610
4610
4428
4428
4342
4342
4375
4375
4430
4430
4667
4667
4782
4782
4863
4863
4433
4433
4495
4495
4530
4530
4016
5088
5088
4635
4635
4727
4727
5332
5332
5506
5506
4935
4935
5101
5101
5275
5275
5122
5122
5014
5014
5202
5202
5205
5205
5527
5527
5562
5562
5875
5875
5671
5671
5269
5269
5807
5807
4511
4511
4177
4177
4131
4131
3951
3951
2901
2901
4025
4025
4072
4072
4077
4077
4369
4369
4076
4076
3529
3529
3470
3470
4389
5163
5163
4063
4063
3652
3652
4042
4042
4149
4149
4168
4168
4180
4482
4482
3515
3515
3695
3695
4089
4089
4145
4145
4236
4236
4540
4540
4654
4654
4474
4474
4515
4515
4705
4705
4999
4999
4237
5827
5827
5438
5438
5507
5507
5363
5363
4954
4954
4300
4300
5080
5080
5074
5074
5617
5617
5055
5055
4383
4383
5394
5394
5103
5103
5588
5588
5313
5313
5564
5564
6383
6383
6532
6532
5391
5391
5886
5886
5032
5032
5512
5512
5849
5849
5992
5992
5936
5936
5280
5280
5419
5419
5734
5734
6413
6413
6487
6487
6529
6529
6565
6565
5857
5857
5415
5415
5980
5980
6246
6246
6619
6619
6765
6765
5805
5805
5928
5928
6345
6345
5793
5793
6856
6856
7042
7059
7059
6586
6586
6053
6053
6158
6158
6117
6117
5295
5295
3989
6062
6062
6264
6264
6680
6680
6871
6871
6879
6879
7037
7037
7075
7075
6561
6561
5403
5403
5233
5233
4916
4916
5258
5258
5412
5445
5590
5590
5458
5458
5832
5832
6491
6491
5868
5868
6480
6480
6069
6069
6031
6031
6244
6244
6356
6356
6645
6645
5245
5245
5298
5298
5505
5505
5513
5513
6111
6111
6078
6078
6107
6107
4703
4703
5672
5672
5676
5676
5890
5890
6335
6335
6406
6406
6751
6751
7028
7028
7030
7030
7442
7442
7318
7318
6352
6352
6556
6556
6757
6757
6285
6285
6474
6474
5971
5971
5865
5865
4759
4759
4929
4929
4780
4780
5087
5087
5410
5410
5371
5371
5454
5454
5597
5597
5699
5699
6103
6103
5721
5721
5757
5757
4651
4651
5624
5624
6041
6041
6256
6256
5446
5446
5897
5897
6108
6108
6148
6148
4803
4803
5043
5043
5522
5522
5752
5752
6307
6307
6314
6314
6329
6329
6234
6248
6248
6340
6340
5787
5787
5123
5123
5964
5964
6049
6049
6105
6105
6230
6230
6379
6379
6249
6249
6443
6443
4869
4869
5104
5104
4942
4942
5155
5155
5330
5330
5521
5521
5772
5772
5952
5952
5848
5848
5814
6549
6549
7229
7229
7566
7566
7461
7997
7997
6155
6155
7232
7232
7115
7115
6632
6632
6652
6652
7221
7221
6183
6183
6162
6162
6396
6396
6667
6667
6955
6955
7044
7044
7125
7125
7155
7155
7110
7110
6845
6845
6773
6773
5987
5987
6044
6044
6337
6337
5851
5851
5666
6818
6818
6826
6826
6825
6825
6100
6100
6438
6498
6498
6440
6440
6192
6192
6514
6514
6623
6623
7053
7053
7067
7067
7418
7418
6850
6850
7164
7164
7235
7235
6896
6896
7000
7000
7498
7498
7616
7616
7087
7087
6541
6541
7128
7128
7154
7154
7494
7730
7730
7734
7734
7391
7391
6726
6726
6927
6927
6553
6553
7170
7170
6749
6749
7613
7613
7588
7588
6943
6943
7368
7606
7606
7903
7903
7334
7334
7538
7538
7493
7493
7140
7140
7523
7523
7743
7743
7896
7896
7795
7795
7909
7909
7887
7887
7945
7945
7666
7666
7721
7721
7819
7819
7818
7818
7817
7817
7673
7648
7648
7218
7218
6937
6937
7467
7467
7876
7876
7994
7994
7424
7424
7321
7321
7317
7317
7366
7366
7471
7471
7522
7522
7602
7602
7763
7763
7404
7404
7544
7544
7806
7806
7800
7800
7740
7740
7270
7270
7246
7246
7308
7308
6880
6880
6806
6806
2032
7208
7208
7247
7247
7977
7977
7261
7261
6442
7802
7802
7805
7805
7754
7754
7917
7917
7934
7934
7444
7444
7849
7849
7749
7749
7333
7333
7866
6815
6815
6842
6842
4853
6990
6990
6874
6874
6470
6470
6909
6909
6861
6861
6454
6454
6260
6260
4751
6483
6483
6475
6475
6755
6755
7402
7402
6428
6428
6986
6986
7124
7124
7001
7001
7480
7480
7643
7643
7786
7786
7434
7434
7799
7799
7547
7547
7152
7152
6984
6984
7965
7965
7183
7183
7834
7834
7998
7998
7966
7966
7294
7294
7572
7572
7658
7658
7839
7871
7871
7594
7773
7773
7107
7107
6965
6965
7733
7733
5989
5989
6466
6466
6528
6528
7178
7944
7944
7899
7899
7349
7447
7447
7708
7708
7812
7812
7482
7482
7309
7309
7160
7160
7023
7023
7161
7161
7189
7189
7507
7507
7970
7970
7813
7813
7979
7979
7832
7832
7973
7973
7913
7913
7879
7879
7122
7122
5502
7981
7981
7479
7479
6964
6964
379
7339
3834
4345
1444
2240
3928
6311
6311
6429
6429
6570
6570
6697
6697
6905
6905
7293
7293
7158
7158
7236
7236
7716
7716
7857
7857
7996
7996
7383
7383
7707
7707
7893
7893
7670
7670
6787
7957
7495
7495
7377
7377
7389
7389
7827
7827
7983
7983
7592
7592
7768
6704
