1
126
126
104
104
98
98
38
38
42
42
60
60
13
13
283
283
86
86
123
123
124
124
142
142
155
155
50
50
44
44
109
109
8
8
14
14
54
54
116
116
202
202
227
227
171
171
203
203
143
143
230
230
246
246
268
268
308
308
251
251
310
310
118
118
147
147
117
117
220
220
241
241
350
350
228
228
244
244
256
256
277
277
471
471
346
346
349
349
236
236
422
422
651
651
385
385
338
338
292
292
295
295
334
334
354
354
428
428
460
460
427
427
468
468
517
517
444
444
343
343
452
452
125
125
18
18
223
223
357
357
337
337
450
450
872
872
339
339
9
9
45
45
562
562
629
629
628
628
784
784
387
387
465
465
498
498
576
576
404
404
82
82
328
328
411
411
409
409
537
537
585
585
518
518
499
499
569
569
586
586
618
618
634
634
405
405
709
709
1291
1291
1129
1129
304
413
908
1186
1425
1425
882
882
565
565
930
930
582
582
825
825
591
591
561
561
590
590
685
685
693
693
698
698
706
706
704
704
814
814
700
700
753
753
774
774
509
509
573
573
745
745
546
546
790
790
865
865
955
955
916
916
797
797
828
828
834
834
812
812
852
852
895
895
879
879
564
564
424
424
625
625
224
224
284
372
372
889
889
917
917
941
941
1084
1084
1053
1053
714
714
731
731
356
356
21
21
425
532
532
433
433
743
743
551
551
805
805
1001
1001
262
767
1060
1060
1744
1744
654
654
870
870
875
875
887
887
928
928
977
977
989
989
974
974
876
876
918
918
915
915
922
922
982
982
949
949
958
958
1056
1056
966
966
985
985
1047
1047
1049
1049
993
993
842
842
950
950
987
987
971
971
1010
1010
476
476
434
434
663
663
829
829
456
456
312
312
219
457
457
600
600
169
981
981
672
672
1260
1260
1342
1342
1292
1292
1083
1927
1927
1711
1711
1008
1008
934
934
1082
1082
1092
1092
1123
1123
1196
1196
1149
1149
1150
1150
1120
1120
1094
1094
1086
1086
986
986
1079
1079
1301
1301
602
602
1312
1312
1331
1331
1454
1454
1728
1728
860
1492
1492
1303
1683
1683
1415
1415
1380
1380
1481
1481
1104
1104
1193
1193
1180
1180
1174
1174
1207
1207
1188
1188
1006
1006
1348
1348
1482
1482
1172
1172
1055
1055
1065
1065
1242
1309
1309
1269
1269
1224
1224
1257
1257
1146
1146
1208
1208
1361
1361
1230
1230
1185
1185
1248
1248
1447
1447
1226
1226
1296
1296
1430
1430
1457
1457
1466
1466
1362
1362
1274
1274
1199
1199
1276
1276
270
968
968
1181
1181
1386
1386
1533
1533
1879
1879
1614
1614
1508
1508
1456
1456
1213
1213
1288
1519
1795
1795
1302
1302
1560
1681
1681
1750
1750
1956
1956
744
1762
1762
1473
1473
1490
1490
1521
1521
1326
1326
1333
1333
1413
1413
1375
1375
1315
1315
1435
1435
1445
1445
1821
1821
1856
1856
1515
1515
1491
1491
1599
1599
1278
1278
1341
1341
1476
1476
1506
1506
1629
1629
1656
1656
1601
1601
1628
1628
1659
1659
1773
1773
1694
1694
1840
1840
1263
1884
1884
1913
1913
1843
1843
1701
1701
1536
1536
1554
1554
1564
1564
1718
1718
1662
1662
1547
1547
1740
1740
1704
1704
1403
1403
1767
1910
1910
1790
1790
1888
1888
1848
1848
1989
1989
1929
1929
1901
1901
1743
1743
1722
1722
1841
1841
1852
1852
1639
1639
1020
1020
1103
1103
533
533
1115
1412
1412
1451
1451
1470
1470
1672
1672
1537
1537
524
785
1816
1816
1961
1961
1975
1975
1914
1914
1919
1919
1941
1941
1911
1911
1757
1757
1592
1592
1779
1779
1793
1793
1825
1825
1952
1952
1988
1988
1973
1973
1898
1898
1770
1770
1801
1801
1926
1926
1735
1735
1887
1887
1373
1373
1892
1892
1582
1954
1954
1833
1833
1922
1922
1709
1709
1978
1978
1970
1970
1950
1950
1758
1758
1132
1866
1866
1907
1831
