0
32
32
159
159
51
51
156
156
91
91
39
39
49
49
79
79
70
70
132
132
167
167
176
176
53
53
11
11
149
149
369
369
265
265
209
209
231
231
119
119
33
33
99
99
100
100
3
3
46
46
78
78
77
77
83
83
94
94
112
112
154
154
122
122
135
135
184
184
145
145
225
225
242
242
263
263
88
88
455
455
217
217
215
215
234
234
252
252
272
272
144
144
26
26
84
84
162
162
177
177
19
19
520
520
398
398
133
133
319
528
528
285
755
1338
1338
690
690
606
606
190
190
201
201
392
392
640
640
222
222
66
66
279
279
309
309
443
443
497
497
464
464
511
511
595
595
568
568
512
512
713
713
506
506
526
526
305
305
232
232
307
307
72
72
27
27
152
152
197
197
208
208
81
81
235
235
238
238
391
391
313
313
389
389
233
233
299
299
329
329
237
237
336
336
347
347
408
408
360
360
64
64
367
367
418
418
130
130
36
36
55
55
127
127
250
250
182
182
151
151
359
359
376
376
248
248
160
160
280
280
318
318
402
402
503
503
406
406
541
541
513
513
458
458
431
431
421
421
461
461
383
383
466
466
467
467
482
482
400
400
417
417
588
588
317
317
340
340
374
374
508
508
388
388
226
226
204
204
264
264
380
380
259
259
327
327
291
291
419
419
454
454
487
487
555
555
609
609
538
538
311
311
102
102
106
106
361
361
686
686
492
492
531
531
544
544
567
567
616
616
659
659
671
671
815
815
871
871
844
844
766
766
801
801
990
990
771
771
655
655
668
668
574
574
438
438
530
530
273
273
164
164
276
276
593
593
722
722
477
477
489
489
778
778
597
597
631
631
540
540
502
502
473
473
522
522
550
550
547
547
556
556
575
575
601
601
584
584
580
580
620
620
737
737
496
496
510
510
437
437
535
535
608
608
681
681
649
649
701
701
483
483
472
472
490
490
20
20
594
594
287
287
505
678
678
679
679
529
529
725
725
724
724
759
759
764
764
735
735
728
728
545
545
991
991
1097
1097
1013
1013
747
747
751
751
803
803
783
783
667
667
624
624
673
673
599
599
694
694
684
684
689
689
792
792
739
739
657
657
647
647
741
741
688
688
762
762
720
720
727
727
791
791
321
321
366
366
847
847
748
748
849
849
939
939
914
914
942
942
945
945
954
954
960
960
1027
1027
909
909
957
957
843
843
1004
1004
1148
1148
963
963
835
835
809
809
831
831
793
793
851
851
841
841
869
869
885
885
656
656
711
711
787
787
826
826
840
840
891
891
901
901
920
920
951
951
1125
1125
906
906
1046
1046
1068
1068
932
932
967
967
816
816
756
756
765
765
775
775
924
924
691
691
660
660
719
719
736
736
621
978
978
899
899
1090
1090
817
817
892
892
830
830
1170
1170
1211
1211
1155
1155
1393
1393
1496
1496
1154
1154
984
984
975
975
1021
1021
1117
1117
1040
1040
1101
1101
1112
1112
1127
1127
1153
1153
1042
1042
1069
1069
1131
1131
1052
1052
904
904
998
998
1095
1095
1205
1205
1593
1593
1000
1000
1409
1409
723
1500
1731
1731
1377
1377
1467
1467
1673
1673
1563
1563
1162
1162
1167
1167
1259
1259
1353
1353
1350
1350
1258
1258
1164
1164
1202
1202
1270
1270
1318
1318
1206
1206
687
687
542
789
1223
1223
1352
1352
1297
1297
1410
1410
1427
1427
1227
1227
1099
1099
1109
1109
881
881
947
947
1024
1024
997
997
972
972
926
926
969
969
1058
1058
1059
1059
1073
1073
1107
1107
1138
1138
1140
1140
1142
1142
1102
1102
1126
1126
1012
1012
976
976
1119
1119
1160
1160
836
836
919
919
1038
1038
1204
1204
1284
1284
1210
1210
1233
1233
1124
1124
1128
1128
1168
1168
1171
1171
1179
1179
1177
1177
1166
1166
1183
1183
1022
1022
1241
1241
1371
1371
1485
1485
1545
1545
1692
1692
1215
1419
1419
1484
1484
1557
1557
692
1675
1675
1574
1574
1438
1438
1455
1455
1499
1499
1253
1253
1281
1281
1217
1217
1238
1238
1251
1251
1307
1307
1389
1389
1463
1463
1316
1316
1285
1285
1165
1165
1267
1267
1340
1340
1416
1416
1379
1379
1402
1402
1439
1439
1460
1460
1406
1406
1501
1501
1504
1504
1358
1358
1295
1295
1321
1321
1310
1310
1311
1311
1368
1368
1319
1319
1363
1363
1324
1324
1356
1356
1237
1237
1225
1225
1529
1529
1023
1768
1768
1228
1228
1239
1239
1293
1293
1345
1345
1359
1359
1382
1382
1369
1369
1426
1426
1370
1370
1391
1391
1421
1421
1452
1452
1450
1450
1458
1458
1493
1493
1384
1384
1433
1433
1535
1535
1464
1464
1505
1505
1524
1524
1573
1573
1516
1516
1540
1540
1544
1544
1569
1569
1652
1652
1690
1690
1632
1632
1732
1732
1814
1814
1688
1688
1575
1575
1605
1605
1606
1606
1613
1613
1669
1669
1604
1604
1514
1514
1461
1461
1523
1523
1397
1397
1392
1392
1374
1374
1203
1203
1355
1355
1390
1390
1219
1219
1003
1003
1007
1448
1448
1192
1192
1176
1408
1408
1468
1468
1486
1486
1538
1538
1633
1633
1635
1635
1441
1441
1691
1691
1619
1619
1642
1642
1684
1684
1717
1717
1807
1807
1733
1733
1754
1754
1775
1775
1784
1784
1598
1598
1498
1498
1488
1488
1507
1507
1509
1509
1512
1512
1631
1631
1622
1622
1666
1666
1723
1723
1755
1755
1900
1900
1590
1590
1810
1810
1882
1882
1835
1835
1674
1674
1453
1453
1517
1517
1530
1530
1534
1534
1616
1616
1031
1899
1899
1738
1738
1903
1903
1873
1873
1693
1693
1550
1550
1528
1528
1698
1698
900
1696
1696
1778
1778
1760
1760
1863
1863
1618
1618
1570
1570
1700
1700
1714
1714
1730
1730
1641
1641
1594
1594
1651
1651
1710
1710
1736
1736
1713
1713
1748
1748
1734
1734
1764
1764
1699
1699
1612
1612
1581
1581
1946
1946
1829
1829
1800
1800
1803
1803
1786
1786
1862
1862
1890
1890
1912
1912
1872
1872
1896
1896
1855
1855
1798
1798
1846
1846
1883
1883
1931
1931
1937
1937
1857
1857
1920
1920
1924
1924
1969
1969
1971
1971
1739
1739
1749
1749
1759
1759
1839
1839
1763
1763
1791
1791
1864
1864
1990
1990
1930
1930
1897
1897
1915
1915
1992
1992
1552
1552
1994
1994
1980
1980
1940
1940
1837
1837
1842
1842
1830
1830
1860
1860
1964
1964
1981
1981
1867
1867
1849
1849
1977
1977
1886
1886
200
1695
1851
1876
1876
1479
1479
1617
1617
1724
1724
1902
1902
1962
1962
1637
1637
1664
1664
1943
1943
1933
1745
1745
1905
1686
1686
1367
1367
1951
