3
418
418
161
161
572
572
945
945
1147
1147
1178
1178
839
839
1122
1122
1622
1622
1821
1821
2014
2014
1937
1937
279
279
87
87
116
116
20
20
371
371
733
733
202
202
325
325
222
222
385
385
111
111
168
168
198
388
388
1366
1366
1759
1759
938
938
548
548
33
33
708
708
773
773
827
827
674
674
853
853
104
164
164
1249
1249
2006
2006
1790
1790
300
300
531
531
992
1067
1067
689
689
376
376
634
634
972
972
1256
1256
1975
1975
1627
1627
1857
1857
2364
2364
2004
2004
586
2167
2167
819
819
785
785
128
128
130
130
1044
1044
55
1075
1075
1197
1197
1652
1652
124
124
165
165
171
171
480
480
1412
1412
653
653
195
1129
1319
1319
778
1593
2462
2462
2687
2687
1116
1116
170
170
268
268
449
449
493
493
1337
1337
1003
1003
789
789
1146
1146
2287
2287
3037
3037
2338
2338
621
621
743
743
237
237
347
347
175
175
520
520
852
852
802
802
52
52
69
247
807
807
1009
1009
1358
1492
1492
2484
2484
1186
1186
1029
1029
1018
1018
174
174
515
515
755
849
849
77
77
45
1034
1034
329
329
117
598
598
173
173
979
979
1109
1109
1124
1124
1246
1246
1243
1413
1413
1252
1252
2016
2016
1294
1422
1558
1713
1713
2160
2160
1603
2270
2270
1631
1631
1637
1637
2198
2548
2638
2638
1332
2274
2316
3372
3372
3419
3419
3350
3350
1855
2392
2392
2579
2579
2186
2186
1962
1962
672
672
25
392
968
968
317
317
1017
1017
1112
1112
1143
1202
1530
1636
2116
2142
2142
1399
2083
2083
1907
1907
1550
1550
1414
1577
1577
1766
1766
2830
2830
3228
3228
3117
3117
2339
2339
1686
2233
2962
2962
3275
3275
3494
3494
3531
3531
4071
4071
2238
2238
4014
4014
4282
4282
422
1906
1906
1522
2361
2361
2721
2721
3788
3788
3754
3754
2924
2924
2386
2386
3270
3270
2491
2491
1929
3581
3581
4120
4120
4362
4362
4368
4368
4767
4767
5046
5264
5264
5222
5222
4841
4841
4351
4351
3954
3954
3625
3647
3647
3676
3676
4810
4818
4818
5472
5855
6299
6687
6719
7020
7398
6435
5085
5085
5729
5729
5835
5835
5308
5308
5826
5826
4523
4523
4754
4754
4944
4944
5234
5234
3331
3331
3378
3378
4248
4248
3514
3514
1308
3635
3635
3697
3697
3908
3908
3153
4440
4440
4777
4777
4797
4797
5189
5189
4896
4896
2678
2678
1427
1427
625
625
11
11
991
991
73
73
594
594
2277
2277
2528
2730
2730
925
925
1488
1488
1016
1016
1596
1596
1746
1746
1994
1994
2099
2099
2566
2566
2917
2917
2525
2525
2991
2991
1720
1720
2163
2163
1402
1402
2009
2009
205
205
590
590
626
626
969
969
109
935
935
1333
1442
1442
2476
2476
891
891
339
893
893
964
964
351
351
996
996
791
791
1007
1007
1551
1551
1510
1510
1951
1951
1993
1993
2193
2193
632
632
873
873
955
955
433
448
1519
1519
1655
1655
1820
1820
305
1863
1887
2500
2500
880
2351
2351
1693
1693
115
115
443
765
765
872
872
48
361
361
1055
1055
1241
1241
177
177
942
1564
2387
2387
662
662
494
494
307
307
696
696
754
754
760
760
4
4
464
464
120
120
169
169
216
216
957
1057
1057
1174
1174
623
623
805
805
2250
2378
2583
2583
930
963
963
1181
1268
1268
1856
1856
570
570
1150
1150
882
1886
1886
2457
2457
2345
2888
3301
3737
3737
1517
1517
74
74
1606
1606
3797
4550
4559
4880
4880
1419
1419
70
500
1969
1969
1615
2615
2615
3210
3210
4188
4188
3242
3688
4259
5191
5191
5004
5004
4262
4262
3717
3717
2532
2532
2179
2179
1888
1888
1080
2443
2443
2623
2623
2977
2977
3413
3413
3080
3080
3807
3807
3900
4439
4625
4826
4892
5439
5439
3631
3631
3871
3871
4662
4662
4241
4241
2674
2674
2800
3229
3229
4619
4619
5416
5416
4974
4974
2494
4294
4294
3837
3837
2140
2140
1489
1489
1506
1506
1728
1728
2694
2900
3051
3051
366
1306
1306
408
1411
1696
2817
2817
3208
3208
2617
2676
2676
2872
2872
3281
3281
2890
2890
3544
3544
2571
3634
3634
3648
3648
2327
3978
3978
1313
1313
1586
1586
1873
2534
2534
2666
2666
1048
1048
954
1103
1126
1126
1322
1322
2203
2203
2644
2644
2585
2585
1604
1604
2276
2572
2572
2915
2915
2880
2880
2626
2626
2249
2249
1668
1668
857
857
1263
1263
1525
1525
1608
1608
1771
1771
1691
1691
1011
1011
1740
1740
716
716
226
226
1195
1195
1893
1893
208
208
810
1114
1264
1484
1500
1628
1829
1829
1562
2031
2031
2303
2303
2555
2555
1079
2037
2037
2156
2427
2427
2470
2470
3596
3596
3421
3421
3255
3255
2584
2584
2213
2213
728
2335
2335
2194
2194
2685
2685
2541
2827
2827
3238
3238
3384
3384
3728
3728
4041
4041
3289
3289
2531
2531
3475
3475
3911
3911
2956
2956
1870
1870
2183
2183
1973
1973
2432
2432
2498
2498
2927
2927
3172
3172
3601
3601
2111
2111
2105
2105
2408
2408
3029
3029
3226
3226
3492
3825
3825
3253
3253
3671
3671
4064
4064
4152
4152
2610
2610
2783
2783
2883
2883
2447
3060
3060
3615
3615
3964
3964
3920
4088
4088
3234
3234
3046
3046
2951
2951
3417
3417
2717
3266
3266
4807
4807
3591
3591
2430
4729
5019
5019
3345
3345
3039
3039
2280
2280
2184
2907
2909
2909
3052
3052
3538
3538
3932
3932
3439
3439
3765
3765
4814
4814
4217
4217
4424
4424
5076
5076
4830
4830
2748
5089
5179
5179
5188
5188
5383
5383
3742
3742
3541
4939
4939
5078
5078
5273
5273
3692
3692
2859
2859
3225
3225
3731
3731
4040
4040
4045
4206
4206
4586
4586
4631
4631
4758
4758
3564
3564
3089
3303
3303
1961
3733
3733
4364
4364
5379
5379
5409
5409
2648
3595
4922
5636
5636
6710
6710
5960
6938
6938
6940
6940
6675
6675
5536
5536
5744
5744
4113
4113
5243
5243
5558
5558
5615
5615
6022
6022
5292
5292
6397
6397
6414
6414
6002
6002
5160
5160
5355
5355
5837
5837
3937
4427
4427
5965
5965
5629
6086
6089
6152
6574
6574
6588
6588
6545
6545
7255
7255
7104
7104
6843
6843
6298
6298
6073
6073
6606
6606
6949
6949
6612
6612
7558
7558
7153
7153
7788
7788
7459
7459
7490
7490
7399
7399
7877
7877
4658
7837
7837
6550
6550
7008
7008
5751
5751
7227
7242
7242
7325
7325
6033
6033
5299
5299
5473
5473
5324
5643
5643
5665
5665
5688
5688
6215
6215
6242
6242
6563
6563
5969
5969
5538
5538
5302
5302
4341
4341
4548
4548
4845
4845
4690
4690
4545
4545
4326
4326
4352
4352
2772
2772
1371
1371
2861
2861
2597
2663
2663
3030
3030
3691
3691
3755
3755
2981
3832
3832
3205
4060
4060
3557
3912
4056
4056
3134
3134
3919
4028
4028
4053
4053
3386
3386
1474
3710
4200
4200
5106
5106
4874
4874
2662
2662
1416
1416
1786
1786
1864
1864
2805
2805
2816
2816
3049
3049
3145
3145
4212
4212
4865
4865
5130
5130
6140
6140
6170
6272
6272
6205
6205
4371
4371
4219
4219
4406
4726
4726
4905
4905
5486
5486
5895
5895
5279
5279
2114
2114
3388
3388
2231
2231
2192
2192
1462
1974
2084
2546
2546
2567
2567
2848
2848
2999
2999
3579
4305
4305
4399
4399
3969
3969
4491
4491
4982
4982
966
966
267
267
60
60
469
469
726
726
562
562
838
838
631
684
684
769
769
928
928
1053
1053
1704
1834
1834
585
2241
2515
2703
2987
2987
1971
1971
1618
1618
1956
1956
766
766
1917
1917
2128
2138
2229
2229
2150
2757
2757
3144
3144
3736
3736
2068
2068
3099
3099
3124
3124
3148
3148
3157
3157
844
1024
3668
3668
3860
4201
4201
3250
4224
6386
6386
4385
4385
4617
4617
5082
5082
3655
3655
3815
3815
3971
3971
3752
3752
3484
3484
3995
3995
5490
5490
4260
4260
4877
5171
5171
5206
5206
5349
5349
5388
5388
5427
5427
4792
4792
3661
3661
5488
5488
4938
5970
5970
5567
5567
5871
5871
6198
6198
4719
4719
4738
4738
5424
5424
5453
5453
5884
5884
4510
4510
4000
4000
2616
2616
2698
2719
2719
4506
4506
4534
4534
4762
5015
5015
3888
3888
5102
5102
5177
5177
6113
6113
5582
6006
6006
4288
5934
5934
3565
4580
5231
5231
3290
3290
3840
3840
3957
3957
3986
3986
4047
4047
4243
4243
4306
4306
4949
4949
5009
5009
5185
5185
5559
5559
5658
5658
5591
5591
5471
5471
5217
5217
4020
4020
4254
4254
4666
4666
4815
4815
5664
5664
4062
4062
4446
4553
4553
4723
4723
6303
6303
7017
7017
7163
7163
5796
5796
6459
6459
5885
6169
6641
6641
7517
7517
6738
6738
6403
6403
6250
6465
6537
6537
6221
6245
7005
7005
7384
7384
6659
6659
5159
5159
6177
6177
6263
6263
6312
6312
6759
6759
6971
6971
7263
7263
7691
7691
7620
7620
7724
7724
7757
7757
5518
5518
5041
5041
5585
5585
5081
5081
5896
5896
4328
4328
4481
4481
4893
4893
5115
5115
5516
5516
5618
5618
5181
5181
5180
5180
5283
5283
4996
4996
5452
5452
4889
4889
3008
3008
2720
2743
2743
3333
3782
3782
3461
4125
4558
4639
5392
5669
5669
6519
6644
6644
5684
5684
5761
5761
5494
5494
5172
6336
6336
7439
7439
6844
6844
5241
6803
7019
7019
7132
7132
6903
6903
7114
7406
7411
7411
7177
7177
7271
7271
6157
6157
6366
6366
6163
6163
5581
5581
5092
5092
4885
4885
4882
5195
5195
3942
5366
5844
5923
7276
7499
7746
7753
7822
7822
5303
5303
5730
5730
6019
6019
6768
6768
5560
5560
5659
6333
6333
7171
7171
6774
6774
4733
7971
7971
7649
7649
7669
7669
6295
6295
7013
7013
6344
6344
7313
7313
5860
5860
5712
5712
5679
5908
5908
6191
6191
6332
6332
6109
6109
6857
6857
6000
7608
7608
3801
6568
7930
7930
7355
7514
7514
7167
7167
5263
5630
5630
6500
6500
6942
6942
6592
6592
6427
6427
6614
6614
6351
6351
6023
6023
6261
6261
6539
6539
6467
6467
6859
6859
6587
6587
6615
6615
5620
5620
5448
5448
5508
5508
3477
3477
3944
4384
4384
5319
5319
5784
5784
5519
5519
5045
6919
6919
7068
7068
7256
7256
6189
6189
6482
6482
6522
7272
7690
7739
7739
7862
7862
7894
7894
7897
7897
7988
7345
7345
6201
6201
7441
7441
7445
7445
7553
7553
7567
7567
5905
5905
5134
5809
7821
7821
7071
7071
7878
7878
6980
6980
7096
7096
7993
7993
7675
7675
7395
7395
7682
7682
7401
7401
7599
7599
7758
7868
7868
7943
7943
5478
7967
7967
6950
6950
6790
7224
7224
7260
7260
7364
7364
7133
7133
5749
5749
5789
5789
6126
6126
6448
6448
6596
6596
6954
7329
7329
7372
7372
7475
7475
7642
7642
7106
7106
4519
4793
4793
4074
4074
5164
6018
6018
5648
5648
4911
5731
5731
5331
5331
5401
5401
1841
2224
5532
5532
6005
6005
6278
6278
6293
6293
5542
5542
2846
3328
4802
5038
5902
5902
5736
5736
5500
5500
5838
5838
5935
5935
6186
6186
6217
6217
6277
6277
6300
6300
6369
6369
6449
6449
6855
6855
6921
6921
6959
6959
5680
5947
5947
6315
6804
6804
5874
6902
6902
6923
6923
7335
7335
7240
7240
3526
3526
3768
4931
5200
5200
2776
5428
5557
5557
5619
5619
5764
5764
6128
6128
6190
6190
5307
5579
6324
7003
7143
7143
7239
7239
6471
6471
6203
7626
7626
7719
7719
7765
7765
7428
7428
7416
7904
7904
7151
7151
5681
5681
1050
5277
5449
5819
5856
5887
5887
6560
6875
6875
7484
7484
4923
7423
7423
7108
7410
7440
7440
6712
6712
6402
6402
2024
5346
6593
6593
6638
6638
6492
6788
6788
7307
7307
6970
6970
2605
2605
940
940
1180
1226
1440
1995
2607
3379
3379
2146
3549
3875
3875
3898
3948
4185
4401
4435
4435
4852
5377
5661
5661
5404
6036
6399
6399
4198
6836
7705
7705
6079
7254
7940
7875
7932
6689
1938
7969
7952
7952
7518
7518
7091
7091
7647
7647
7692
7692
7539
5839
7077
7077
6599
7892
7892
7687
7687
7976
7698
7698
7853
7853
7600
7600
7910
7556
7556
7561
7199
7199
7503
7503
6185
6185
5515
5515
5602
5602
5716
5716
5872
5872
6613
6613
6807
6807
7902
7902
7412
7412
7941
7941
7123
7123
7651
7651
7808
7865
7865
7262
7262
7515
7515
7541
7541
6611
6611
6671
6671
6739
6739
6994
6994
6405
6405
6734
6734
7079
7079
5072
5072
5800
5824
6310
6485
6631
6631
6252
6525
6525
6824
6824
6901
6901
7102
7102
7212
7212
6989
7722
7722
7732
7825
7825
7728
7728
7679
7679
6868
7054
7370
7370
7961
7596
7660
6081
6924
7048
6929
5747
7299
7919
5110
5766
7838
7680
7680
6283
6283
7181
7223
4189
6674
6769
6236
7536
7936
3867
5238
4952
7431
7027
5094
5296
5296
240
240
2092
2092
571
1251
1639
2073
2139
2139
2331
2573
2573
1861
2683
2683
3398
3442
3442
3474
3474
4356
4682
4706
4739
5253
5253
815
5399
6372
6372
5997
5997
5531
5777
6035
6035
6093
6093
2473
2726
2726
924
1438
1438
1884
1884
63
2278
2278
871
1148
1148
1663
1760
1760
1785
1785
1931
1945
2475
2475
1891
1891
348
348
1424
1424
683
1403
1464
1996
1996
1773
2040
2040
297
297
306
306
354
354
527
527
886
886
909
2360
2452
2724
2724
2323
2323
2716
2716
2645
2645
3184
3184
3374
3374
3694
3694
2394
2394
509
2628
3045
3425
3425
2550
2550
2887
3537
3921
3939
3939
4202
4202
4629
4629
4772
5728
5728
5652
5652
3502
3502
3756
3945
3945
5592
5693
6584
6584
2838
3918
4277
4277
3010
3909
3909
2410
3917
3931
3931
2802
2802
2744
2744
1699
2950
2950
3075
3075
4324
4324
2893
3324
3433
4106
4287
5221
5221
2604
3536
5353
5353
4423
6030
6304
6304
6668
6668
6669
6669
5595
6890
7176
7176
6231
6231
4390
4437
6138
6432
7597
7726
7726
5961
5961
6294
6294
6508
7002
7342
7342
4436
6364
6364
7225
7225
6992
7718
7629
7629
2094
3681
7448
7448
7415
7415
7603
7603
7741
7741
7615
7615
7312
7312
7824
7856
7856
7689
7820
7963
7466
7466
7598
7744
7744
6925
5566
7180
7842
7842
5993
7964
7964
2762
5778
7203
6419
6497
6721
6721
7506
7534
7569
7905
7438
7390
5097
4866
7504
7583
1321
