6
282
282
731
731
250
250
340
340
382
382
582
582
607
607
85
85
106
106
86
86
140
140
319
319
337
337
441
441
580
580
874
874
599
599
814
814
889
889
679
679
644
644
779
779
829
829
676
676
262
262
1105
1105
1107
1237
1237
1341
1341
7
7
460
460
79
79
419
419
151
151
249
249
298
298
299
299
212
212
1317
1317
508
508
929
929
690
690
637
637
497
497
691
691
718
718
182
182
717
717
596
596
210
210
498
498
540
540
740
2275
2275
2310
2319
3012
3036
3279
3444
3469
3469
2922
2922
1176
1176
502
502
561
1281
1406
1406
1201
1201
1271
1271
1082
1082
1258
1258
1068
1068
850
850
792
792
630
630
259
259
677
677
845
845
697
697
931
931
952
952
1144
1144
1234
1234
998
998
1173
1173
1250
1250
986
986
1633
1633
965
965
42
42
313
313
1355
1355
608
608
105
131
131
919
919
1099
1099
505
505
101
101
600
600
31
31
234
234
261
261
341
341
440
440
583
583
721
721
1446
1446
899
899
23
23
265
265
521
521
545
545
456
456
1340
1340
1064
1064
1429
1429
999
1405
1405
2322
2322
1634
1634
2235
2235
2997
2997
1719
1719
1656
1656
1375
1375
1131
1131
1255
1255
629
629
710
710
16
16
615
615
271
271
228
228
65
65
139
139
1707
2106
2106
1528
1528
738
738
686
686
809
809
1523
1523
1986
1986
1495
1495
1090
1090
28
28
278
780
2043
2043
934
934
1851
1851
1950
1950
2786
2786
1452
1452
1566
1566
2085
2085
2165
2165
1867
1867
1727
1727
1791
1791
2147
2147
2135
2135
2026
2026
2337
2337
2511
2511
2829
2946
2946
2632
2632
1660
1660
2115
2115
2166
2166
2945
2945
2197
3223
3397
3397
2263
2263
2463
2463
2680
2680
2766
2766
2709
3714
3714
3120
4963
4963
2180
3027
3614
3614
1624
1624
1005
1678
2976
3018
3018
3451
3451
3987
4069
4069
1635
1635
344
344
121
121
772
772
1188
1188
1349
1349
1715
1715
406
711
1789
1789
575
575
1117
1117
1966
2103
2217
2847
2847
915
3274
3274
4081
4081
3125
3125
3192
3192
3246
3980
3980
4151
4204
4204
2272
2272
3207
4303
4303
4473
4473
4693
4693
4763
4763
4917
4917
4898
4898
3705
4788
4788
4659
4659
4784
4784
5024
5024
3790
5695
5695
5194
5194
5323
5323
4319
4319
4111
4111
2881
3085
4216
4216
2349
2349
2333
2333
3462
3587
3587
3399
3399
3724
3724
3083
3083
2988
2988
2978
2978
2993
2993
3318
3524
3524
3351
4290
4290
3934
3934
3161
3161
1387
1387
1465
1465
2017
2017
2034
2034
2205
2205
2269
2269
3114
3114
2933
2933
2891
2891
1021
1418
1418
1232
1805
1810
1810
1793
1793
2639
2639
1774
1774
1882
1882
2124
2124
2446
2446
2590
2590
2771
2771
2788
2788
2812
2812
3003
3003
3095
3095
3237
3428
3428
3227
3227
3457
3457
3418
3418
3220
3220
3132
3132
1850
3195
3195
3923
3923
3573
3573
3772
3772
3427
3427
3689
3689
3338
3338
4078
4078
4291
4291
4376
4376
4421
4421
5393
5393
5443
5443
5924
5924
5246
6564
6564
4314
4314
4363
4363
4582
4582
4026
4026
3630
3630
3744
3744
2422
3809
3809
4147
4147
3907
3907
3835
3835
4391
4391
4432
5274
5274
3727
3727
3026
3026
3302
3302
1899
3452
3452
3645
3645
3952
3952
3955
3955
4337
4337
4124
4124
3638
3638
1343
1343
1219
1219
1912
1912
2367
2367
1476
1476
1677
1677
2039
2039
2077
2077
2200
2200
2557
2557
2631
2631
2158
2158
1814
1814
1276
1276
1896
1896
1389
1389
2000
2000
2104
2104
2117
2117
1125
1125
1015
1015
1049
1049
1804
1804
1164
1164
1123
1123
890
1743
1743
1983
1983
1779
1943
1943
3321
3321
3599
3599
2127
2127
2136
2136
2385
2385
2782
2782
2248
2248
2760
2760
2823
2823
1854
1854
1367
1367
1555
1555
1590
1590
568
568
103
103
643
643
41
41
356
356
21
21
941
941
1156
1156
452
452
504
601
601
1060
1170
1170
1468
1468
1472
2671
2671
1245
1245
812
812
962
962
1046
1046
1254
1254
1172
1533
1653
1653
1557
1557
1756
1756
2239
2239
2285
2285
2493
2493
2668
2668
1817
1817
2260
2260
2483
2483
2435
2435
2298
2298
2630
2630
2649
2649
260
260
414
414
1339
1339
1493
1493
2798
2798
2841
2841
3247
3247
3354
3354
3495
3495
2012
3679
3679
4126
4126
4321
4321
4470
4470
3984
3984
2684
2684
1832
1832
1948
1948
2514
2514
1434
1434
750
1824
3057
3057
2796
2796
1544
1544
2075
2681
2681
2836
2979
2979
3200
3200
3004
3004
2325
2325
3219
3219
2944
2944
3013
3013
2928
2928
2697
3329
3329
2723
2723
2348
3087
3087
3334
3334
3562
3562
3314
3314
3431
3431
4824
4824
4757
4757
3552
3552
3603
3603
6657
6657
5662
5662
3448
3448
4093
4093
4396
4396
4325
4325
3741
3741
4205
4205
3496
3496
3616
3616
3344
3344
3812
3812
4153
4153
3893
3893
4420
4420
4176
4176
3553
4835
4835
5037
5037
4679
4679
4724
4724
4650
4650
3833
3833
1865
1865
790
790
2055
2055
2765
2765
3478
4100
4100
2849
2849
3813
3813
3829
3829
3838
3838
4502
4502
4169
4169
3403
3403
3306
3306
3201
3201
1501
3221
3221
3316
3411
3411
1714
3855
3855
4598
4598
4539
4539
4050
4050
6071
6071
4799
4799
4426
4426
4441
4441
4464
4464
4504
4504
4516
4516
4458
4458
4764
4764
4934
4934
4956
4956
5314
5314
4652
4652
4945
4945
4038
4038
4087
4103
4103
4862
4862
5503
5503
5563
5563
5577
5577
5131
5131
5039
5039
5367
5367
4404
4404
2512
2512
2819
2819
2174
2795
3312
3312
3359
4263
4568
4568
4301
4301
4695
4695
5607
5607
4836
4836
4924
4924
5470
5470
5654
5654
6404
6404
6524
6524
5514
5514
4027
4027
4355
4355
4466
4466
5310
5310
5677
5677
5727
5727
6174
6174
6096
6096
6666
6666
5020
5020
5776
5776
6544
6544
6753
6753
6873
6873
6673
6673
6741
6741
6703
6703
6020
6020
5794
6763
6763
6900
6900
7458
7458
7563
7563
5786
5786
5344
5344
5722
5722
5423
5423
6118
6118
5996
5996
5975
6164
6164
6218
6218
3571
3571
4748
4748
5086
5086
1923
5138
5138
5691
5691
6709
6709
4965
4965
4004
4004
3711
4512
4512
5033
5929
5929
6181
6181
6360
6360
5374
5374
3965
4615
4615
2832
4456
4456
2943
2943
2679
2679
2852
2852
3077
3077
3109
3109
3850
3850
1772
3007
3261
3261
2931
2931
3734
3734
4172
4172
4285
4285
4614
4614
4828
4828
4840
4840
4621
4621
4677
4677
4400
4400
4541
4541
5474
5474
5713
5713
5808
5808
5955
5955
4692
4692
5300
5300
3713
4048
5762
5762
5668
5668
5149
5149
6187
6187
5029
5029
5090
5190
5190
5342
5342
5869
6025
6025
6384
6384
5904
5904
6011
6011
5982
5982
5797
5797
5906
5906
6714
6714
5940
5940
6981
6981
7082
7082
7211
7211
6486
6486
6133
6133
6377
6377
6469
6469
6501
6501
6531
6531
7043
7043
7359
7809
7809
7727
7727
7570
7570
6257
7686
7686
6725
6725
6624
6744
6744
6838
6838
6883
6883
6770
7365
7365
7526
7526
7295
7295
7628
7628
7761
7761
7601
7601
7026
7026
7092
7092
6802
6802
6729
6729
6780
6780
6328
6328
6178
6178
4284
4284
4673
4673
6225
6225
5863
5863
5700
5700
6153
6153
5771
5771
6131
6131
6168
6168
6727
6727
6581
6581
6833
6833
7061
7061
7105
7105
7468
7468
6015
6015
6602
6602
6735
6735
6867
6867
6362
6362
6504
6504
7094
7094
4309
7328
7328
7305
7305
7511
7511
6960
6960
7162
7162
7188
7188
4765
4765
5249
5249
4257
4811
4811
5150
5150
5173
5173
4380
4380
5945
5945
6388
6388
7543
7543
6039
6039
5847
5847
5763
5988
5988
6166
6166
4402
4402
5257
5257
5287
5287
5204
5204
4790
4790
4883
4883
4698
4698
4769
4769
4735
4735
4503
4503
5572
5572
4891
4891
5395
5395
5396
5396
4412
5543
5543
5876
5876
6161
6161
4336
4336
3708
5297
5297
5720
6936
6936
4449
4449
4737
4737
5017
5017
5537
5537
5963
5963
6121
6121
6167
6167
5756
5756
4912
4912
4915
4915
5312
5312
6274
6274
6296
6296
6476
6476
6608
6895
6895
5524
5816
5816
5457
5457
5077
5077
4543
5178
6226
6226
6353
6353
6533
6594
6651
6651
4747
4747
3127
3127
1784
1784
1110
1110
24
24
739
739
976
976
1233
1233
1210
1210
947
1076
1088
1088
1014
1014
136
1023
1023
134
134
254
254
614
614
654
654
330
330
430
926
926
1051
1051
1211
1211
1733
1733
1299
1299
1531
1531
1695
1695
2362
2362
2072
2072
1681
1681
2152
2152
2307
2307
1395
1395
1607
1607
1614
1614
2196
2196
2547
2547
2120
2120
2299
2299
1136
1136
1546
1546
1213
1213
1391
1981
1981
1292
2397
2406
2406
2565
2565
2399
2399
2608
2608
2918
2918
2434
2434
2705
2705
2740
2740
2839
2839
3760
3760
3775
3775
4022
4022
3572
3572
3287
3287
3843
3843
4023
4023
4092
4092
4110
4110
4408
4408
3273
3273
3019
3019
2636
3149
3435
3435
4360
4360
3669
3669
4227
4227
4529
4529
4589
4589
4664
4664
4448
4448
4372
4647
4927
4927
5348
5529
5529
5877
5877
4808
4808
5286
5286
4856
4856
4079
4079
4264
4264
4685
4685
5048
5048
3244
4525
4525
2712
5325
5325
3304
3304
2973
3387
3387
2868
3527
3527
1972
2658
2658
3589
3636
4209
4209
3612
3612
4669
4669
4728
4728
4888
4888
5070
5070
5398
5642
5642
5651
5701
5892
5892
5475
6306
6306
6042
6945
6945
7064
7064
4983
7505
7505
7745
7745
7756
7756
7584
7584
6269
6269
5265
5265
4955
4955
5293
5293
5282
5282
6848
6995
6995
5555
5555
6453
6453
6634
6634
6748
6748
7436
7436
7292
7292
7454
7454
7034
7034
6412
6412
6701
6701
7098
7098
7420
7420
7654
7654
5100
5100
4732
4732
1875
3620
3749
5142
5142
1543
1585
1585
564
1401
1461
1689
2468
2577
2621
2670
2670
2268
3140
3140
3150
3150
5552
5552
5183
5907
5907
5610
5984
7231
7231
6271
7173
7322
7322
7492
7635
7635
7841
7841
7113
7369
7253
7253
6582
6582
6974
6974
7168
7168
6488
6488
6219
6219
6493
6493
6650
6650
7427
7427
7933
7933
7382
7382
7664
7664
7704
7828
7828
7582
7582
7735
7735
7885
7885
7906
7906
6446
6446
5119
5119
2220
2655
3732
5414
5828
5828
6297
6297
6426
6426
7145
7145
7327
7414
7414
7437
7437
7337
7337
7974
7974
6696
7747
7747
6711
7148
6962
6962
7099
7166
7166
6811
6811
7304
6339
6339
6258
6258
6417
6417
7610
7610
6598
6598
5999
5999
6342
6342
6367
6367
5466
5466
5326
5326
5351
5351
6110
6110
6247
6247
6359
6359
6408
6408
6024
6024
7210
7210
6846
6846
6472
6472
6885
6885
6987
6987
7062
7062
6872
6872
6816
6816
6795
6795
6829
6829
7392
7392
7330
7330
6912
6912
7111
7111
5440
5440
4330
5482
5482
7066
7066
7386
7386
7491
7491
7586
7586
7804
7804
7340
7340
6760
6760
7267
7267
7310
7310
6511
6511
6911
6911
6978
6978
7269
7269
7554
7554
7888
7888
7311
7374
7374
7665
7665
7512
7512
7609
7609
7460
7723
7723
5854
5854
6928
7585
7585
7595
7595
7731
7731
7980
7980
7823
7823
7296
7916
7916
7694
7694
7985
7985
7657
7657
7527
7527
7811
7811
7999
7999
7858
7858
7611
7611
7959
7959
7116
7116
7056
7056
7283
7283
7385
7385
7426
7426
7446
7446
7194
6858
6858
6847
6908
6908
7417
7417
6996
6996
7752
7752
7668
7668
7715
7715
7927
7927
7992
7992
7627
7627
7549
7549
7286
7286
7197
7197
7343
7343
7085
7085
7021
7021
7040
7040
7632
7632
7487
7487
7766
7766
7508
7508
7252
7252
7233
7435
7435
7496
7496
7278
7614
7614
7886
7886
7580
7580
7683
7683
6785
6785
7375
7375
7497
7497
7684
7684
7931
7931
7900
7900
7770
7770
7709
7709
7667
5035
5569
7655
