2
153
153
23
23
95
95
137
137
479
615
615
191
191
129
129
175
175
34
34
58
58
140
140
185
185
192
192
188
188
278
278
216
216
440
440
794
794
874
874
1145
1145
289
289
198
198
255
255
139
139
5
5
74
74
73
73
178
178
249
249
275
275
254
254
297
297
382
382
281
281
325
325
335
335
386
386
257
257
69
69
157
157
351
351
189
189
97
97
795
795
646
646
494
494
480
480
570
570
553
553
399
399
632
632
648
648
397
397
469
469
245
245
988
1048
1048
676
676
500
500
253
253
90
90
589
589
290
290
379
379
448
448
196
557
557
605
605
804
1043
1043
639
639
738
738
779
779
857
857
878
878
806
806
818
818
824
824
463
463
165
165
776
898
898
862
862
827
827
819
819
1074
1074
884
884
1041
1041
823
823
1017
1017
1011
1011
1062
1062
854
854
1036
1036
1087
1087
1111
1111
1271
1271
1346
1346
1395
1395
1424
1424
1156
1156
1190
1190
1122
1122
1471
1471
1209
1209
1290
1290
381
381
1034
1034
1091
1091
858
1286
1286
1304
1304
1546
1546
1580
1580
1567
1567
1809
1809
1462
1462
1752
1752
1264
1264
1085
1085
1030
1030
1045
1045
911
911
1444
1444
1636
1636
1184
1184
1116
1116
1216
1216
1081
1081
1323
1323
1313
1313
1330
1330
1343
1343
1525
1525
1365
1365
1344
1344
1246
1246
1404
1404
1465
1465
1399
1399
1414
1414
1400
1400
1436
1436
1555
1555
1576
1576
1577
1577
1586
1586
1434
1480
1480
1437
1630
1630
1644
1644
1870
1870
1646
1646
1746
1746
1783
1783
1422
1422
1130
1130
1232
1812
1812
1503
1503
1858
1858
1615
1615
1670
1670
1781
1781
1565
1565
1854
1854
1850
1850
1880
1880
1904
1904
1894
1894
1832
1832
1967
1967
1968
1968
1918
1918
1983
1983
1917
1917
1459
1727
1727
1676
1676
1689
1689
1559
1559
855
855
89
948
1716
1996
1996
1398
1667
1387
